Geneid	SRR10379721	SRR10379722	SRR10379723	SRR10379724	SRR10379725	SRR10379726
SAOUHSC_00001	59	26	51	59	50	6
SAOUHSC_00002	238	119	143	71	56	1
SAOUHSC_00003	228	153	163	37	15	3
SAOUHSC_00004	716	533	588	186	173	32
SAOUHSC_00005	213	195	155	61	29	5
SAOUHSC_00006	521	313	345	175	129	18
SAOUHSC_00007	274	142	201	103	76	5
SAOUHSC_00008	172	142	143	75	61	9
SAOUHSC_00009	54	41	46	20	12	5
SAOUHSC_00010	286	192	185	170	161	26
SAOUHSC_00012	209	96	150	163	153	16
SAOUHSC_00013	349	220	230	108	78	15
SAOUHSC_00014	53	29	38	11	6	0
SAOUHSC_00015	214	111	132	40	33	3
SAOUHSC_00017	194	130	124	61	40	7
SAOUHSC_00018	0	0	0	0	0	0
SAOUHSC_00019	1	0	1	0	0	0
SAOUHSC_T00018	221	121	148	46	32	4
SAOUHSC_T00011	447	263	308	89	48	9
SAOUHSC_00020	287	189	204	43	31	5
SAOUHSC_00021	117	46	66	11	20	0
SAOUHSC_00022	393	277	288	66	47	9
SAOUHSC_00023	1241	944	931	237	173	18
SAOUHSC_00024	959	876	664	962	1641	530
SAOUHSC_00025	349	259	315	87	89	14
SAOUHSC_00026	14	18	18	63	135	14
SAOUHSC_00027	0	0	0	0	0	0
SAOUHSC_00028	307	218	370	66	51	3
SAOUHSC_00029	266	217	176	317	325	13
SAOUHSC_00030	8	1	4	4	5	0
SAOUHSC_00031	288	228	227	108	122	11
SAOUHSC_00032	91	66	64	26	31	5
SAOUHSC_00033	207	91	122	74	90	3
SAOUHSC_00034	181	152	135	44	42	11
SAOUHSC_00035	101	54	60	24	27	2
SAOUHSC_00036	161	131	150	54	32	7
SAOUHSC_00037	1338	1266	1141	334	207	39
SAOUHSC_00038	22	16	22	13	11	0
SAOUHSC_00039	114	71	88	48	74	11
SAOUHSC_00040	1625	1188	1349	620	615	98
SAOUHSC_00041	614	449	523	171	93	9
SAOUHSC_00042	35	24	33	77	70	15
SAOUHSC_00043	51	30	41	81	83	9
SAOUHSC_00044	30	22	53	34	28	7
SAOUHSC_00045	173	102	119	59	64	8
SAOUHSC_00046	280	155	219	54	46	4
SAOUHSC_00047	39	27	28	12	13	2
SAOUHSC_00049	95	62	63	56	63	1
SAOUHSC_00050	23	17	26	7	1	2
SAOUHSC_00051	17	9	18	3	2	0
SAOUHSC_00052	24	12	26	4	4	0
SAOUHSC_00053	146	77	92	90	90	17
SAOUHSC_00054	922	664	555	1592	2000	291
SAOUHSC_00055	157	98	80	38	23	3
SAOUHSC_00056	150	113	78	87	114	16
SAOUHSC_00057	320	220	191	239	264	41
SAOUHSC_00058	628	390	311	1095	1026	171
SAOUHSC_00060	155	80	95	88	89	11
SAOUHSC_00061	148	86	127	40	31	1
SAOUHSC_00062	87	46	52	72	63	2
SAOUHSC_00064	185	81	76	92	119	26
SAOUHSC_00065	265	148	145	121	50	6
SAOUHSC_00067	59	25	65	19	22	0
SAOUHSC_00069	126	59	53	52	53	6
SAOUHSC_00070	151	99	82	75	74	51
SAOUHSC_00071	135	79	93	60	37	8
SAOUHSC_00072	148	84	92	33	42	1
SAOUHSC_00074	192	99	106	28	11	0
SAOUHSC_00075	395	212	196	62	37	4
SAOUHSC_00076	180	117	136	45	40	13
SAOUHSC_00077	426	210	227	126	126	13
SAOUHSC_00078	365	238	215	106	85	10
SAOUHSC_00079	150	104	67	30	25	2
SAOUHSC_00080	194	78	102	29	9	1
SAOUHSC_00081	110	72	65	10	13	2
SAOUHSC_00082	86	32	34	15	12	4
SAOUHSC_00083	67	37	49	14	20	3
SAOUHSC_00084	90	55	56	23	14	5
SAOUHSC_00085	5	1	3	1	0	0
SAOUHSC_00086	93	59	64	21	20	3
SAOUHSC_00087	98	70	83	18	8	0
SAOUHSC_00088	223	130	144	62	63	5
SAOUHSC_00089	197	149	163	83	76	9
SAOUHSC_00090	199	114	101	79	100	8
SAOUHSC_00091	149	139	94	114	89	4
SAOUHSC_00092	259	177	142	219	159	23
SAOUHSC_00093	626	738	416	344	506	51
SAOUHSC_00094	281	155	177	77	60	11
SAOUHSC_00096	249	160	138	54	41	1
SAOUHSC_00097	88	50	46	16	14	1
SAOUHSC_00099	94	58	62	35	36	5
SAOUHSC_00100	254	259	163	165	178	46
SAOUHSC_00101	246	206	128	124	124	23
SAOUHSC_00102	428	328	273	231	222	29
SAOUHSC_00103	272	211	187	215	212	23
SAOUHSC_00104	230	138	130	46	26	5
SAOUHSC_00105	193	144	137	228	139	67
SAOUHSC_00106	6	3	3	2	1	0
SAOUHSC_00107	69	38	55	6	10	0
SAOUHSC_00108	5	8	5	7	6	25
SAOUHSC_00109	824	485	587	226	250	31
SAOUHSC_00111	82	52	57	32	32	2
SAOUHSC_00113	170	110	127	140	168	13
SAOUHSC_00114	147	83	90	52	87	2
SAOUHSC_00115	319	220	215	70	51	5
SAOUHSC_00116	198	123	120	127	97	8
SAOUHSC_00117	306	153	182	52	33	2
SAOUHSC_00118	247	154	149	40	32	1
SAOUHSC_00119	110	73	74	36	35	3
SAOUHSC_00120	149	94	108	99	143	8
SAOUHSC_00121	122	79	79	141	92	14
SAOUHSC_00122	84	42	65	35	43	0
SAOUHSC_00123	133	74	71	25	29	2
SAOUHSC_00124	68	40	36	38	32	11
SAOUHSC_00125	174	110	115	60	49	1
SAOUHSC_00126	218	165	126	66	71	12
SAOUHSC_00127	150	150	89	48	47	12
SAOUHSC_00128	17	14	12	13	33	7
SAOUHSC_00129	33	34	17	30	47	4
SAOUHSC_00130	340	231	216	63	71	12
SAOUHSC_00131	315	271	273	251	223	11
SAOUHSC_00132	102	117	73	140	259	5
SAOUHSC_00133	49	17	21	11	3	0
SAOUHSC_00134	182	122	115	87	69	7
SAOUHSC_00135	241	172	186	84	78	11
SAOUHSC_00136	174	156	119	21	12	5
SAOUHSC_00137	227	151	142	66	39	4
SAOUHSC_00138	101	63	59	30	15	0
SAOUHSC_00139	465	295	273	163	194	30
SAOUHSC_00141	342	241	228	228	266	33
SAOUHSC_00142	1262	808	817	454	429	42
SAOUHSC_00143	70	32	44	88	66	2
SAOUHSC_00144	204	130	161	156	124	51
SAOUHSC_00145	92	81	77	64	46	9
SAOUHSC_00146	465	302	275	131	84	12
SAOUHSC_00147	314	168	167	118	114	13
SAOUHSC_00148	956	564	561	380	390	114
SAOUHSC_00149	225	128	134	118	116	7
SAOUHSC_00150	105	49	54	34	26	3
SAOUHSC_00151	583	326	344	149	134	31
SAOUHSC_00152	175	124	107	344	311	43
SAOUHSC_00153	750	481	443	227	183	72
SAOUHSC_00154	122	71	99	21	14	3
SAOUHSC_00155	174	110	102	16	14	1
SAOUHSC_00156	232	144	155	33	35	8
SAOUHSC_00157	139	105	87	52	38	3
SAOUHSC_00158	21	15	19	40	130	1
SAOUHSC_00160	517	296	323	196	155	8
SAOUHSC_00161	54	19	42	24	36	1
SAOUHSC_00162	62	44	48	42	17	1
SAOUHSC_00163	56	46	61	12	10	3
SAOUHSC_00164	177	124	116	72	42	9
SAOUHSC_00166	1650	1236	1336	325	308	30
SAOUHSC_00167	774	592	632	71	71	8
SAOUHSC_00168	968	777	945	48	30	7
SAOUHSC_00169	4035	3839	3587	334	214	32
SAOUHSC_00170	103	37	69	34	36	0
SAOUHSC_00171	74	34	33	15	19	0
SAOUHSC_00172	123	82	78	24	19	3
SAOUHSC_00173	253	169	173	62	51	3
SAOUHSC_00174	287	170	209	109	97	12
SAOUHSC_00175	371	279	226	159	194	29
SAOUHSC_00176	173	132	116	41	53	2
SAOUHSC_00177	295	213	216	59	31	6
SAOUHSC_00178	267	252	207	93	112	16
SAOUHSC_00179	268	177	204	73	49	9
SAOUHSC_00180	14	12	9	7	11	1
SAOUHSC_00181	119	103	96	33	32	9
SAOUHSC_00182	52	28	27	30	22	5
SAOUHSC_00183	155	75	112	123	97	15
SAOUHSC_00184	219	144	151	98	109	12
SAOUHSC_00185	458	286	248	358	258	73
SAOUHSC_00186	61	37	29	35	37	1
SAOUHSC_00187	147	85	107	115	131	6
SAOUHSC_00188	43	15	29	9	12	0
SAOUHSC_00190	536	585	372	205	189	12
SAOUHSC_00191	236	375	286	312	185	2
SAOUHSC_00192	235	189	144	53	34	9
SAOUHSC_00193	406	243	272	98	47	8
SAOUHSC_00195	268	142	124	58	54	12
SAOUHSC_00196	374	204	199	115	76	15
SAOUHSC_00197	374	191	266	118	88	23
SAOUHSC_00198	120	63	87	16	7	3
SAOUHSC_00199	163	108	89	185	227	11
SAOUHSC_00200	283	174	216	262	282	33
SAOUHSC_00201	68	35	57	66	53	7
SAOUHSC_00202	539	355	360	433	603	36
SAOUHSC_00203	1	1	4	0	2	0
SAOUHSC_00204	181	97	94	93	112	11
SAOUHSC_00205	341	260	139	234	170	179
SAOUHSC_00206	441	405	412	622	589	259
SAOUHSC_00208	153	118	83	67	66	9
SAOUHSC_00209	3	0	3	0	0	0
SAOUHSC_00211	461	232	237	292	284	12
SAOUHSC_00212	54	28	42	9	4	1
SAOUHSC_00213	13	6	11	5	0	0
SAOUHSC_00214	279	144	161	67	52	9
SAOUHSC_00215	194	109	107	29	35	3
SAOUHSC_00216	10	8	18	3	1	0
SAOUHSC_00217	260	140	154	79	71	16
SAOUHSC_00218	103	60	69	22	31	0
SAOUHSC_00219	137	66	67	17	8	1
SAOUHSC_00220	265	161	169	50	39	2
SAOUHSC_00221	181	88	82	59	42	2
SAOUHSC_00222	77	41	46	57	70	3
SAOUHSC_00223	188	118	101	172	203	40
SAOUHSC_00225	156	88	75	46	37	4
SAOUHSC_00226	126	86	66	53	50	1
SAOUHSC_00227	217	95	117	53	51	7
SAOUHSC_00228	214	129	142	51	29	6
SAOUHSC_00229	102	55	60	46	39	5
SAOUHSC_00230	60	36	31	32	23	3
SAOUHSC_00231	111	70	61	31	31	4
SAOUHSC_00232	42	8	16	12	24	3
SAOUHSC_00233	188	86	88	43	40	2
SAOUHSC_00234	231	157	141	40	44	4
SAOUHSC_00235	529	386	340	162	161	10
SAOUHSC_00236	4	0	2	2	1	0
SAOUHSC_00237	237	148	122	76	65	11
SAOUHSC_00238	180	96	104	77	50	10
SAOUHSC_00239	576	419	374	153	127	55
SAOUHSC_00240	864	553	509	203	118	40
SAOUHSC_00241	1	1	0	1	1	0
SAOUHSC_00242	8	7	9	7	2	0
SAOUHSC_00243	452	437	356	269	344	64
SAOUHSC_00244	323	184	180	176	156	16
SAOUHSC_00246	117	56	42	31	27	5
SAOUHSC_00247	45	24	21	29	25	3
SAOUHSC_00248	84	52	61	72	57	1
SAOUHSC_00249	448	211	244	147	170	21
SAOUHSC_00250	45	16	32	26	32	1
SAOUHSC_00251	20	11	19	7	9	1
SAOUHSC_00253	23	11	10	16	11	0
SAOUHSC_00254	97	59	55	45	25	4
SAOUHSC_00255	61	27	25	19	15	0
SAOUHSC_00256	378	234	244	160	131	10
SAOUHSC_00257	23	10	11	10	10	0
SAOUHSC_00258	22	12	27	21	11	0
SAOUHSC_00259	179	89	94	54	33	2
SAOUHSC_00260	721	411	380	202	152	17
SAOUHSC_00261	42	21	33	54	77	5
SAOUHSC_00262	34	26	16	3	7	1
SAOUHSC_00264	27	28	34	7	9	1
SAOUHSC_00265	24	23	16	6	0	0
SAOUHSC_00266	266	170	176	49	21	2
SAOUHSC_00267	61	25	40	37	17	1
SAOUHSC_00268	246	185	207	419	567	35
SAOUHSC_00269	125	94	94	190	269	6
SAOUHSC_00270	13	5	17	0	0	0
SAOUHSC_00271	27	18	30	21	8	1
SAOUHSC_00272	31	28	27	9	21	1
SAOUHSC_00274	28	13	9	14	14	0
SAOUHSC_00275	12	0	4	4	5	1
SAOUHSC_00276	15	14	15	2	5	0
SAOUHSC_00277	5	0	3	1	2	0
SAOUHSC_00278	32	10	22	33	55	8
SAOUHSC_00279	122	109	112	31	53	2
SAOUHSC_00280	348	290	224	125	139	21
SAOUHSC_00281	99	62	61	18	18	6
SAOUHSC_00282	127	75	86	31	24	3
SAOUHSC_00284	54	40	30	11	19	0
SAOUHSC_00285	24	12	16	60	153	14
SAOUHSC_00287	122	72	76	49	34	19
SAOUHSC_00289	152	101	97	60	33	7
SAOUHSC_00290	91	55	53	22	16	2
SAOUHSC_00291	89	57	51	28	20	1
SAOUHSC_00292	161	78	85	59	105	22
SAOUHSC_00293	186	85	77	84	90	0
SAOUHSC_00294	90	54	53	25	15	2
SAOUHSC_00295	1003	839	760	605	713	140
SAOUHSC_00296	86	45	52	15	21	0
SAOUHSC_00297	190	158	141	67	26	6
SAOUHSC_00298	557	351	299	278	253	62
SAOUHSC_00299	264	211	153	460	427	56
SAOUHSC_00300	401	301	225	454	453	154
SAOUHSC_00301	39	20	19	2	7	0
SAOUHSC_00302	266	151	164	50	46	5
SAOUHSC_00303	70	41	39	6	7	0
SAOUHSC_00304	153	86	102	24	16	2
SAOUHSC_00305	106	44	70	27	18	0
SAOUHSC_00306	75	29	44	14	10	0
SAOUHSC_00307	111	69	65	101	71	6
SAOUHSC_00308	297	272	203	219	300	105
SAOUHSC_00309	76	57	57	30	50	3
SAOUHSC_00310	122	87	55	47	27	3
SAOUHSC_00311	766	520	418	371	290	26
SAOUHSC_00312	75	50	39	14	8	0
SAOUHSC_00313	137	80	106	23	31	4
SAOUHSC_00314	29	24	30	15	29	0
SAOUHSC_00315	163	171	147	30	39	8
SAOUHSC_00316	96	48	59	64	62	2
SAOUHSC_00317	111	48	67	29	21	5
SAOUHSC_00318	16	20	15	12	8	0
SAOUHSC_00319	241	184	160	158	267	79
SAOUHSC_00320	55	22	33	6	13	1
SAOUHSC_00322	103	45	42	9	9	0
SAOUHSC_00323	31	16	28	5	4	0
SAOUHSC_00324	165	87	95	24	8	2
SAOUHSC_00325	120	68	91	45	68	4
SAOUHSC_00326	52	28	26	22	25	1
SAOUHSC_00327	51	26	15	20	31	10
SAOUHSC_00328	54	26	18	42	14	3
SAOUHSC_00329	19	14	11	1	3	0
SAOUHSC_00330	63	37	38	16	8	0
SAOUHSC_00331	65	38	35	12	12	0
SAOUHSC_00332	38	23	24	8	15	0
SAOUHSC_00333	148	90	95	101	118	23
SAOUHSC_00334	213	161	137	33	44	5
SAOUHSC_00335	73	58	50	37	28	12
SAOUHSC_00336	429	255	261	401	379	51
SAOUHSC_00337	511	399	344	559	576	83
SAOUHSC_00338	369	251	228	225	193	62
SAOUHSC_00339	264	186	148	176	159	23
SAOUHSC_00340	3430	2770	3549	79	30	0
SAOUHSC_00341	2662	2347	2736	47	21	8
SAOUHSC_00342	474	405	547	14	5	0
SAOUHSC_00344	7375	5195	6946	390	251	7
SAOUHSC_00345	72	65	38	70	109	6
SAOUHSC_00346	51	43	27	17	17	1
SAOUHSC_00347	112	78	62	42	35	4
SAOUHSC_00348	28	19	19	13	6	4
SAOUHSC_00349	182	126	196	13	6	4
SAOUHSC_00350	72	54	59	10	8	0
SAOUHSC_00351	88	82	90	4	12	4
SAOUHSC_00352	150	103	114	146	183	7
SAOUHSC_00353	95	71	100	82	67	0
SAOUHSC_00354	120	93	88	167	119	4
SAOUHSC_00355	266	239	184	387	415	32
SAOUHSC_00356	106	84	121	44	57	5
SAOUHSC_00357	39	34	69	36	32	40
SAOUHSC_00358	780	690	769	565	365	39
SAOUHSC_A00354	430	423	479	120	157	7
SAOUHSC_00359	302	284	380	136	153	8
SAOUHSC_00360	117	91	136	42	33	9
SAOUHSC_00362	1125	1071	966	526	396	118
SAOUHSC_00363	448	356	337	172	92	27
SAOUHSC_00364	553	442	424	45	40	11
SAOUHSC_00365	1081	1086	819	533	384	97
SAOUHSC_00366	1044	592	1123	94	112	5
SAOUHSC_00367	228	115	142	56	55	3
SAOUHSC_00368	65	36	54	21	21	0
SAOUHSC_00369	93	48	43	38	31	2
SAOUHSC_00370	189	124	116	60	64	5
SAOUHSC_00371	308	251	224	94	145	20
SAOUHSC_00372	293	235	190	60	38	8
SAOUHSC_00373	186	163	123	53	39	8
SAOUHSC_00374	104	48	90	62	55	4
SAOUHSC_00375	23	10	33	53	66	10
SAOUHSC_00376	3	0	1	4	0	6
SAOUHSC_00377	78	49	81	103	158	10
SAOUHSC_00378	114	101	83	52	41	18
SAOUHSC_00381a	151	126	119	47	34	7
SAOUHSC_00381	271	178	219	111	85	4
SAOUHSC_00382	120	79	117	66	81	4
SAOUHSC_00383	233	157	186	92	75	6
SAOUHSC_00384	19	15	20	9	5	0
SAOUHSC_00386	214	152	168	104	100	16
SAOUHSC_00387	94	50	64	21	11	2
SAOUHSC_00389	96	54	67	22	13	2
SAOUHSC_00390	79	58	91	43	39	5
SAOUHSC_00391	26	14	21	13	2	1
SAOUHSC_00392	76	48	75	22	21	2
SAOUHSC_00393	44	25	34	8	9	0
SAOUHSC_00394	9	9	7	8	5	0
SAOUHSC_00395	238	160	162	91	77	17
SAOUHSC_00396	81	51	65	17	16	1
SAOUHSC_00397	41	19	25	3	2	0
SAOUHSC_00398	178	115	141	47	13	4
SAOUHSC_00399	23	7	14	5	3	0
SAOUHSC_00400	66	39	42	7	5	1
SAOUHSC_00401	38	18	45	7	4	0
SAOUHSC_00402	28	11	20	11	3	0
SAOUHSC_00404	105	66	95	64	49	0
SAOUHSC_00405	11	8	12	0	1	0
SAOUHSC_00406	52	37	42	12	4	0
SAOUHSC_00407	138	95	137	21	16	0
SAOUHSC_00408	4673	2237	4008	96	78	2
SAOUHSC_00409	640	372	523	8	3	0
SAOUHSC_00410	1355	1047	1044	184	120	28
SAOUHSC_00411	1856	1764	1479	205	122	25
SAOUHSC_00412	248	195	228	72	31	1
SAOUHSC_00413	104	88	42	297	447	43
SAOUHSC_00414	175	114	118	50	44	21
SAOUHSC_00415	97	77	81	18	11	1
SAOUHSC_00416	33	18	26	5	2	2
SAOUHSC_00417	258	139	178	52	76	20
SAOUHSC_00418	212	137	125	56	42	12
SAOUHSC_00420	165	123	124	41	35	3
SAOUHSC_00421	240	170	190	48	38	3
SAOUHSC_00422	174	110	131	14	13	5
SAOUHSC_00423	245	215	251	72	61	2
SAOUHSC_00424	114	98	65	54	49	8
SAOUHSC_00426	48	56	42	63	85	4
SAOUHSC_00427	156	127	150	24	31	0
SAOUHSC_00428	181	135	161	33	68	8
SAOUHSC_00429	242	205	217	259	318	48
SAOUHSC_00430	320	252	207	227	188	41
SAOUHSC_00431	290	208	217	175	144	12
SAOUHSC_00433	845	493	530	180	105	14
SAOUHSC_00434	225	159	154	73	41	3
SAOUHSC_00435	0	1	3	1	0	0
SAOUHSC_00436	402	279	327	100	110	23
SAOUHSC_T00048	404	256	280	41	47	3
SAOUHSC_00437	124	59	93	19	19	1
SAOUHSC_00438	15	8	18	4	2	0
SAOUHSC_00439	87	43	47	10	4	0
SAOUHSC_00440	193	114	131	28	23	1
SAOUHSC_00441	68	45	41	9	14	2
SAOUHSC_00442	102	55	60	27	12	3
SAOUHSC_00444	9	12	14	1	2	0
SAOUHSC_00445	11	8	1	15	8	23
SAOUHSC_00446	25	14	0	38	10	52
SAOUHSC_R0001	0	0	1	0	0	0
SAOUHSC_R0006	430	205	223	77	54	4
SAOUHSC_R00011	65	52	60	12	8	1
SAOUHSC_00450	44	37	36	33	48	16
SAOUHSC_00451	38	16	29	35	30	2
SAOUHSC_00452	50	33	37	12	5	3
SAOUHSC_00454	49	23	38	7	5	0
SAOUHSC_00455	168	98	124	37	21	3
SAOUHSC_00456	39	18	26	17	12	0
SAOUHSC_00457	176	84	116	131	100	26
SAOUHSC_00458	313	178	188	55	35	4
SAOUHSC_00459	65	45	44	9	9	0
SAOUHSC_00461	140	79	107	27	17	0
SAOUHSC_00462	75	45	42	22	14	0
SAOUHSC_00463	52	30	26	13	12	1
SAOUHSC_00464	91	46	58	22	17	4
SAOUHSC_00465	109	77	56	41	28	4
SAOUHSC_00466	62	27	27	30	46	1
SAOUHSC_00467	53	28	25	29	22	1
SAOUHSC_00468	9	5	9	4	1	0
SAOUHSC_00469	297	158	179	57	22	6
SAOUHSC_00470	174	108	101	43	31	3
SAOUHSC_00471	24477	24867	16866	5447	5426	679
SAOUHSC_00472	177	135	99	63	54	25
SAOUHSC_00473	90	59	82	17	16	2
SAOUHSC_00474	663	381	425	165	96	10
SAOUHSC_00475	400	264	300	77	51	6
SAOUHSC_00477	223	156	132	36	33	3
SAOUHSC_00479	21	6	17	9	4	0
SAOUHSC_00480	54	26	50	7	5	0
SAOUHSC_00481	96	67	63	43	33	0
SAOUHSC_00482	131	78	88	75	102	1
SAOUHSC_00483	44	23	30	21	28	5
SAOUHSC_00484	232	146	135	75	49	11
SAOUHSC_00485	109	74	67	24	14	2
SAOUHSC_00486	145	86	111	19	17	1
SAOUHSC_00487	205	112	144	20	13	1
SAOUHSC_00488	66	34	44	4	4	0
SAOUHSC_00489	105	67	79	20	12	3
SAOUHSC_00490	20	8	18	1	1	0
SAOUHSC_00491	567	434	475	120	83	11
SAOUHSC_00492	0	0	0	0	0	0
SAOUHSC_00493	0	0	0	0	0	0
SAOUHSC_R00016	2	6	2	0	1	1
SAOUHSC_T00059	0	0	0	0	0	0
SAOUHSC_T00053	0	0	0	0	0	0
SAOUHSC_T00035	1	1	0	0	0	1
SAOUHSC_T00021	2	1	0	0	0	1
SAOUHSC_T00030	2	0	0	0	0	0
SAOUHSC_T0004	0	0	0	0	0	0
SAOUHSC_T00044	17	12	0	19	8	16
SAOUHSC_T0001	24	15	5	29	19	57
SAOUHSC_R0002	1	1	2	1	0	1
SAOUHSC_R0007	803	532	610	304	204	18
SAOUHSC_R00012	143	93	85	43	39	4
SAOUHSC_00497	43	35	40	42	40	0
SAOUHSC_00499	104	98	80	58	42	7
SAOUHSC_00500	56	39	46	106	84	14
SAOUHSC_00501	80	33	44	26	33	1
SAOUHSC_00502	167	84	92	37	25	1
SAOUHSC_00503	292	194	188	194	247	62
SAOUHSC_00504	219	128	177	33	24	2
SAOUHSC_00505	102	79	64	39	61	3
SAOUHSC_00507	187	111	132	43	43	1
SAOUHSC_00508	45	34	33	17	19	3
SAOUHSC_00509	99	55	85	26	27	4
SAOUHSC_00510	26	16	9	4	3	0
SAOUHSC_00511	116	87	114	23	14	2
SAOUHSC_00512	118	86	86	42	29	3
SAOUHSC_00513	18	12	24	38	70	2
SAOUHSC_00514	19	8	17	3	4	0
SAOUHSC_00515	61	37	34	5	18	5
SAOUHSC_00516	81	40	30	26	28	1
SAOUHSC_00517	90	55	35	35	26	6
SAOUHSC_00518	136	88	79	43	43	1
SAOUHSC_00519	38	23	12	19	10	3
SAOUHSC_00520	281	130	153	49	21	6
SAOUHSC_00521	1063	521	511	275	171	32
SAOUHSC_00523	843	415	367	274	198	50
SAOUHSC_00524	52	34	29	23	13	0
SAOUHSC_00525	114	59	64	63	54	13
SAOUHSC_00526	166	93	72	152	117	16
SAOUHSC_00527	661	409	285	763	749	228
SAOUHSC_00528	242	165	107	158	116	11
SAOUHSC_00529	874	905	775	93	70	16
SAOUHSC_00530	130	56	73	28	24	0
SAOUHSC_00531	78	47	50	22	45	4
SAOUHSC_00532	207	124	114	48	46	2
SAOUHSC_00533	115	77	67	58	42	3
SAOUHSC_00534	150	82	93	62	54	5
SAOUHSC_00535	3	0	1	0	0	0
SAOUHSC_00536	78	57	62	24	16	0
SAOUHSC_00537	73	75	53	198	312	16
SAOUHSC_00538	36	17	37	131	203	8
SAOUHSC_00539	189	142	130	865	763	228
SAOUHSC_00540	121	60	75	187	193	19
SAOUHSC_00541	47	28	28	13	11	2
SAOUHSC_00542	294	174	230	196	213	4
SAOUHSC_00543	439	226	246	89	46	18
SAOUHSC_A00526	422	199	252	124	61	11
SAOUHSC_00544	121	97	126	87	91	2
SAOUHSC_00545	149	109	121	177	265	18
SAOUHSC_00547	266	178	159	262	359	32
SAOUHSC_00548	228	134	132	210	221	46
SAOUHSC_00549	194	145	131	153	213	29
SAOUHSC_00550	901	689	746	113	95	3
SAOUHSC_00551	676	560	731	102	69	3
SAOUHSC_00552	1103	816	1007	195	102	8
SAOUHSC_00553	1975	1591	1586	572	288	18
SAOUHSC_00554	20735	15644	18597	3806	1995	98
SAOUHSC_00555	3486	2345	3384	215	98	10
SAOUHSC_00556	4669	3582	4675	580	458	46
SAOUHSC_00557	1446	879	1383	269	340	4
SAOUHSC_00558	5249	2924	2745	801	452	59
SAOUHSC_00559	220	123	118	83	54	5
SAOUHSC_00560	285	255	235	78	76	6
SAOUHSC_00561	160	117	107	61	75	18
SAOUHSC_00562	55	33	43	30	33	0
SAOUHSC_00564	55	44	31	25	54	4
SAOUHSC_00565	196	142	130	116	143	21
SAOUHSC_00567	418	461	315	833	1692	331
SAOUHSC_00569	753	813	566	1141	2074	588
SAOUHSC_00571	123	101	85	562	916	99
SAOUHSC_00572	268	157	172	81	60	7
SAOUHSC_00573	187	132	125	60	73	0
SAOUHSC_00574	326	225	171	28	16	3
SAOUHSC_00575	249	203	130	36	24	3
SAOUHSC_00577	258	208	152	23	10	3
SAOUHSC_00578	150	106	92	20	18	5
SAOUHSC_00579	406	333	396	112	90	7
SAOUHSC_00580	114	99	96	25	21	3
SAOUHSC_00581	5	2	5	0	0	0
SAOUHSC_00582	125	76	107	14	23	3
SAOUHSC_00583	18	5	12	4	10	1
SAOUHSC_00584	41	17	33	22	16	3
SAOUHSC_00585	48	23	22	35	54	2
SAOUHSC_00586	61	31	57	100	174	20
SAOUHSC_00587	0	0	1	0	3	1
SAOUHSC_00588	33	20	25	77	99	4
SAOUHSC_00589	37	29	38	23	27	7
SAOUHSC_00591	59	35	51	20	21	1
SAOUHSC_00592	22	15	13	6	4	1
SAOUHSC_00596	24	6	15	7	2	0
SAOUHSC_00598	19	8	12	3	3	1
SAOUHSC_00599	25	14	19	12	20	6
SAOUHSC_00600	157	91	101	65	54	9
SAOUHSC_00602	85	49	63	40	27	2
SAOUHSC_00603	58	23	43	12	8	0
SAOUHSC_00604	214	95	143	58	51	1
SAOUHSC_00605	61	34	35	31	25	0
SAOUHSC_00606	164	101	103	74	74	4
SAOUHSC_00607	7	4	7	6	6	0
SAOUHSC_00608	38	22	22	21	12	0
SAOUHSC_00609	231	122	135	32	29	0
SAOUHSC_00610	44	14	34	16	27	1
SAOUHSC_00611	251	150	173	84	67	2
SAOUHSC_00612	205	143	133	83	77	5
SAOUHSC_00613	49	35	31	23	28	0
SAOUHSC_00614	115	83	96	14	11	1
SAOUHSC_00615	67	48	38	41	34	2
SAOUHSC_00616	100	56	92	44	38	2
SAOUHSC_00617	192	180	192	16	13	0
SAOUHSC_00618	23	26	23	77	85	4
SAOUHSC_00619	252	181	173	74	112	15
SAOUHSC_00620	23	13	17	18	19	2
SAOUHSC_00621	131	86	74	52	43	5
SAOUHSC_00622	497	308	294	198	202	19
SAOUHSC_00624	44	39	30	62	67	4
SAOUHSC_00625	43	37	20	36	36	6
SAOUHSC_00626	224	146	127	123	146	35
SAOUHSC_00627	22	11	27	26	43	4
SAOUHSC_00628	57	24	25	41	48	13
SAOUHSC_00629	234	178	172	117	111	12
SAOUHSC_00632	197	151	147	117	53	11
SAOUHSC_00633	272	182	180	111	58	10
SAOUHSC_00634	406	262	241	201	139	28
SAOUHSC_00636	96	87	92	57	61	10
SAOUHSC_00637	173	124	104	176	143	24
SAOUHSC_00638	146	93	99	68	26	5
SAOUHSC_00639	100	55	67	21	18	3
SAOUHSC_00640	106	57	85	52	54	5
SAOUHSC_00641	524	299	389	149	112	7
SAOUHSC_00642	170	115	158	120	103	2
SAOUHSC_00643	66	43	39	36	37	1
SAOUHSC_00644	154	102	103	43	53	2
SAOUHSC_00645	276	185	180	156	137	7
SAOUHSC_00646	199	212	117	1084	789	92
SAOUHSC_00647	612	600	166	1503	358	24
SAOUHSC_00648	110	64	65	43	62	8
SAOUHSC_00650	144	78	76	43	23	4
SAOUHSC_00651	345	239	193	160	149	39
SAOUHSC_00652	182	99	93	44	31	5
SAOUHSC_00653	180	124	117	22	10	5
SAOUHSC_00654	86	73	45	17	9	1
SAOUHSC_00655	37	26	33	5	2	2
SAOUHSC_00656	82	46	50	27	21	2
SAOUHSC_00658	88	60	58	46	54	8
SAOUHSC_00659	149	96	100	80	46	4
SAOUHSC_00660	16	10	18	30	20	2
SAOUHSC_00661	355	344	209	1074	793	144
SAOUHSC_00662	170	110	114	63	74	1
SAOUHSC_00663	138	79	94	92	64	5
SAOUHSC_00664	83	54	80	31	35	3
SAOUHSC_00665	165	107	117	129	91	11
SAOUHSC_00666	140	65	117	108	116	9
SAOUHSC_00667	30	11	24	25	25	0
SAOUHSC_00668	121	64	56	40	51	10
SAOUHSC_00669	4373	3817	2418	5377	5713	1101
SAOUHSC_00670	46	22	35	20	20	3
SAOUHSC_00671	117	48	74	58	82	7
SAOUHSC_00672	2	1	0	2	4	0
SAOUHSC_00673	108	43	68	14	11	4
SAOUHSC_00674	23	6	12	14	8	2
SAOUHSC_00675	3	1	1	0	2	1
SAOUHSC_00676	39	23	15	24	14	0
SAOUHSC_00677	81	42	58	63	41	8
SAOUHSC_00678	5	4	2	0	1	0
SAOUHSC_00679	492	341	331	207	227	29
SAOUHSC_00680	18	8	13	30	37	6
SAOUHSC_00681	25	8	15	19	16	4
SAOUHSC_00682	45	18	15	2	4	1
SAOUHSC_00683	10	14	11	6	10	1
SAOUHSC_00684	53	18	35	23	20	0
SAOUHSC_00685	104	67	57	55	77	4
SAOUHSC_00686	195	167	111	217	160	45
SAOUHSC_00687	132	83	90	99	52	11
SAOUHSC_00688	86	46	43	62	47	3
SAOUHSC_00689	238	183	164	44	41	3
SAOUHSC_00690	351	246	225	133	160	25
SAOUHSC_00691	253	221	197	82	83	8
SAOUHSC_00692	370	247	190	842	452	59
SAOUHSC_00693	281	183	201	62	27	1
SAOUHSC_00694	369	228	233	144	99	13
SAOUHSC_00695	18	14	11	5	8	2
SAOUHSC_00696	546	392	409	298	274	52
SAOUHSC_00697	183	158	130	89	84	5
SAOUHSC_00698	109	95	89	185	230	10
SAOUHSC_00699	263	260	258	353	517	53
SAOUHSC_00700	433	414	329	440	433	38
SAOUHSC_00701	201	143	126	124	172	18
SAOUHSC_00702	5	0	6	9	8	0
SAOUHSC_00703	60	54	51	7	9	1
SAOUHSC_00704	291	137	156	56	49	1
SAOUHSC_00705	182	121	85	43	40	8
SAOUHSC_00706	417	261	248	92	76	14
SAOUHSC_00707	311	165	200	51	37	0
SAOUHSC_00708	180	113	133	42	32	4
SAOUHSC_00710	118	84	95	13	19	0
SAOUHSC_00711	318	286	282	46	35	1
SAOUHSC_00712	239	179	156	379	478	11
SAOUHSC_00713	189	148	152	138	123	10
SAOUHSC_00714	264	198	174	176	173	12
SAOUHSC_00715	167	84	126	147	165	9
SAOUHSC_00716	41	20	34	29	28	6
SAOUHSC_00717	172	100	109	119	110	9
SAOUHSC_00718	97	57	53	39	48	6
SAOUHSC_00719	129	94	102	61	28	8
SAOUHSC_00720	168	134	156	54	32	6
SAOUHSC_00721	294	194	232	99	78	3
SAOUHSC_00722	112	64	81	25	21	3
SAOUHSC_00723	60	32	55	15	7	1
SAOUHSC_00724	141	83	121	21	8	0
SAOUHSC_00725	268	191	234	176	120	11
SAOUHSC_00726	341	155	162	134	102	6
SAOUHSC_00727	338	194	196	52	29	2
SAOUHSC_00728	242	191	156	93	93	6
SAOUHSC_00729	137	117	94	31	21	3
SAOUHSC_00730	109	69	66	30	14	2
SAOUHSC_00731	391	338	303	110	47	6
SAOUHSC_00732	726	650	591	959	808	96
SAOUHSC_00733	78	46	44	220	328	80
SAOUHSC_00734	275	203	192	240	233	24
SAOUHSC_00735	2	2	0	10	14	3
SAOUHSC_00736	261	199	201	203	151	25
SAOUHSC_00737	69	55	49	66	43	8
SAOUHSC_00738	146	100	111	106	122	14
SAOUHSC_00739	89	51	46	21	17	3
SAOUHSC_00740	196	120	103	85	72	8
SAOUHSC_00741	155	77	75	54	37	1
SAOUHSC_00742	348	158	187	73	46	38
SAOUHSC_00743	9	4	6	3	3	0
SAOUHSC_00744	429	299	306	210	244	35
SAOUHSC_00745	249	187	230	195	241	11
SAOUHSC_00746	37	19	37	10	2	0
SAOUHSC_00747	35	12	26	8	4	0
SAOUHSC_00748	31	27	27	11	14	3
SAOUHSC_00749	110	63	65	27	28	5
SAOUHSC_00751	119	77	62	286	280	13
SAOUHSC_00752	11	4	9	6	5	3
SAOUHSC_00753	38	27	26	45	38	2
SAOUHSC_00754	96	82	70	16	15	0
SAOUHSC_00755	502	431	373	404	436	93
SAOUHSC_00756	190	175	154	146	149	39
SAOUHSC_00757	450	355	350	260	297	84
SAOUHSC_00758	186	153	168	231	280	11
SAOUHSC_00759	54	29	34	13	20	1
SAOUHSC_00760	401	325	321	254	374	67
SAOUHSC_00762	135	56	77	33	32	5
SAOUHSC_00763	129	105	86	35	24	1
SAOUHSC_00764	84	52	55	19	22	0
SAOUHSC_00765	54	27	37	47	41	2
SAOUHSC_00766	356	150	195	102	54	10
SAOUHSC_00767	0	1	0	0	0	2
SAOUHSC_00769	170	109	116	76	44	8
SAOUHSC_00770	16	4	14	15	12	3
SAOUHSC_00771	208	136	101	76	80	8
SAOUHSC_00772	19	12	37	13	10	1
SAOUHSC_00773	32	20	22	7	13	0
SAOUHSC_00774	156	91	113	42	23	2
SAOUHSC_00775	0	0	0	0	0	0
SAOUHSC_00776	62	42	51	10	6	0
SAOUHSC_00778	365	214	245	105	79	10
SAOUHSC_00779	253	150	153	33	39	3
SAOUHSC_00780	55	42	46	24	45	5
SAOUHSC_00781	36	21	25	12	10	0
SAOUHSC_00782	180	92	153	69	50	6
SAOUHSC_00783	179	143	121	77	63	6
SAOUHSC_00784	1304	1260	735	2001	2037	1353
SAOUHSC_00785	93	49	75	34	20	2
SAOUHSC_00786	111	79	69	51	37	5
SAOUHSC_00787	98	78	81	32	28	2
SAOUHSC_00788	128	146	89	201	364	63
SAOUHSC_00789	461	387	391	2594	2846	199
SAOUHSC_T0005	680	775	500	601	439	31
SAOUHSC_00790	89	73	59	220	295	115
SAOUHSC_00792	237	148	138	82	45	6
SAOUHSC_00793	274	141	155	155	130	28
SAOUHSC_00794	238	123	172	83	84	5
SAOUHSC_00795	310	179	179	60	54	4
SAOUHSC_00796	550	367	379	189	135	16
SAOUHSC_00797	318	213	230	179	141	21
SAOUHSC_00798	38	14	16	9	8	1
SAOUHSC_00799	10	5	14	4	4	3
SAOUHSC_00800	51	43	38	15	21	1
SAOUHSC_00801	266	178	150	70	52	6
SAOUHSC_00802	52	35	32	15	16	1
SAOUHSC_00803	1	1	1	2	3	0
SAOUHSC_00804	26	14	19	6	1	0
SAOUHSC_00806	26	22	19	13	14	1
SAOUHSC_00807	2	0	1	0	0	0
SAOUHSC_00808	18	15	20	13	13	2
SAOUHSC_00809	50	24	37	20	8	3
SAOUHSC_00810	360	214	207	176	166	83
SAOUHSC_00811	393	289	340	253	196	17
SAOUHSC_00812	141	115	79	43	24	2
SAOUHSC_00816	117	99	144	33	25	1
SAOUHSC_00817	73	54	43	90	49	9
SAOUHSC_00818	78	49	75	30	6	0
SAOUHSC_00819	81	79	95	50	43	0
SAOUHSC_00820	196	228	200	93	50	7
SAOUHSC_00821	86	64	88	28	40	2
SAOUHSC_00822	84	74	73	25	20	4
SAOUHSC_00823	11520	14689	8667	38171	57713	3098
SAOUHSC_00824	504	425	576	243	206	24
SAOUHSC_00825	86	81	80	120	94	6
SAOUHSC_00826	103	113	55	37	23	2
SAOUHSC_00827	76	56	51	35	25	1
SAOUHSC_00828	95	101	84	20	17	2
SAOUHSC_00830	348	310	283	171	130	8
SAOUHSC_00831	138	91	70	75	59	6
SAOUHSC_00832	86	88	57	18	20	6
SAOUHSC_00833	63	35	60	19	11	0
SAOUHSC_00834	132	86	116	13	12	0
SAOUHSC_00835	7	4	13	4	2	0
SAOUHSC_00836	340	231	256	161	110	17
SAOUHSC_00837	49	31	58	40	62	7
SAOUHSC_00838	132	70	93	85	83	9
SAOUHSC_00839	20	7	9	11	4	0
SAOUHSC_00840	316	189	226	88	63	7
SAOUHSC_00841	200	126	159	67	67	24
SAOUHSC_00842	155	105	128	62	76	4
SAOUHSC_00843	51	35	20	81	68	2
SAOUHSC_00844	27413	29886	21137	15181	17390	4947
SAOUHSC_00845	178	135	108	72	27	3
SAOUHSC_00846	194	130	86	51	25	4
SAOUHSC_00847	174	119	78	44	30	3
SAOUHSC_00848	61	31	18	13	8	0
SAOUHSC_00849	143	112	67	96	112	6
SAOUHSC_00850	80	42	94	227	335	15
SAOUHSC_00851	77	65	71	31	36	5
SAOUHSC_00852	348	166	180	102	52	3
SAOUHSC_00853	267	149	155	145	121	18
SAOUHSC_00854	47	18	18	4	6	0
SAOUHSC_00855	232	124	104	60	38	4
SAOUHSC_00857	119	65	74	41	20	5
SAOUHSC_00858	134	70	79	46	35	5
SAOUHSC_00859	99	66	77	58	60	6
SAOUHSC_00860	27	23	29	20	24	4
SAOUHSC_00861	31	34	27	19	25	3
SAOUHSC_00862	121	76	93	45	30	4
SAOUHSC_00863	157	89	107	25	18	3
SAOUHSC_00864	120	91	89	54	50	2
SAOUHSC_00865	1	0	1	1	1	0
SAOUHSC_00866	15	5	10	5	6	0
SAOUHSC_00867	296	215	177	114	44	4
SAOUHSC_00868	151	124	124	35	25	2
SAOUHSC_00869	12	8	4	4	3	0
SAOUHSC_00870	132	110	104	39	26	2
SAOUHSC_00871	46	31	29	25	47	2
SAOUHSC_00872	61	48	29	26	48	5
SAOUHSC_00873	376	328	299	277	355	54
SAOUHSC_00874	54	35	38	17	14	3
SAOUHSC_00875	52	16	33	25	28	4
SAOUHSC_00876	303	168	158	94	52	3
SAOUHSC_00877	372	246	214	160	121	10
SAOUHSC_00878	153	103	102	118	164	9
SAOUHSC_00879	33	25	22	5	6	2
SAOUHSC_00880	160	152	131	83	66	4
SAOUHSC_00881	14	10	13	4	6	1
SAOUHSC_00882	22	13	18	1	7	1
SAOUHSC_00883	64	40	49	19	8	2
SAOUHSC_00884	365	204	201	174	146	27
SAOUHSC_00885	68	30	35	21	14	2
SAOUHSC_00886	81	50	44	20	23	2
SAOUHSC_00887	1232	760	718	309	206	34
SAOUHSC_00888	275	132	169	84	74	3
SAOUHSC_00889	56	25	32	28	42	5
SAOUHSC_00890	17	8	9	10	2	1
SAOUHSC_00891	383	197	204	111	125	25
SAOUHSC_00892	141	64	71	23	15	2
SAOUHSC_00893	220	148	145	190	161	15
SAOUHSC_00894	28	21	20	23	25	15
SAOUHSC_00895	312	263	179	558	590	82
SAOUHSC_00896	586	509	350	767	630	62
SAOUHSC_00897	401	298	247	312	165	26
SAOUHSC_00898	441	287	309	76	48	2
SAOUHSC_00899	981	670	880	184	125	10
SAOUHSC_00900	393	247	332	91	74	13
SAOUHSC_00901	239	182	160	80	112	5
SAOUHSC_00902	1412	913	860	518	427	28
SAOUHSC_00903	626	449	439	186	195	12
SAOUHSC_00904	68	75	50	41	40	3
SAOUHSC_00905	112	119	83	160	158	15
SAOUHSC_00906	580	529	495	181	223	48
SAOUHSC_00907	1004	702	799	451	546	78
SAOUHSC_00908	42	17	16	12	14	1
SAOUHSC_00909	354	206	220	47	26	1
SAOUHSC_00910	361	253	177	50	33	1
SAOUHSC_00911	411	565	458	42	12	1
SAOUHSC_00912	38	20	35	15	11	1
SAOUHSC_00913	5	1	3	3	2	3
SAOUHSC_00914	30	20	38	52	57	4
SAOUHSC_00915	66	53	40	47	38	5
SAOUHSC_00916	65	73	49	22	18	1
SAOUHSC_00917	127	51	69	33	29	3
SAOUHSC_00919	131	65	71	136	103	11
SAOUHSC_00920	28	26	21	72	94	8
SAOUHSC_00921	80	47	57	37	50	7
SAOUHSC_00922	95	62	62	10	10	2
SAOUHSC_00923	156	75	90	42	35	5
SAOUHSC_00924	84	53	65	33	12	2
SAOUHSC_00925	151	94	116	36	30	3
SAOUHSC_00926	115	76	76	13	6	0
SAOUHSC_00927	143	66	87	39	18	1
SAOUHSC_00928	220	114	147	175	206	22
SAOUHSC_00929	207	115	140	622	725	32
SAOUHSC_00930	60	55	63	84	72	12
SAOUHSC_00931	230	151	137	156	128	11
SAOUHSC_00932	231	132	82	91	93	1
SAOUHSC_00933	177	72	86	51	32	1
SAOUHSC_00934	84	54	53	38	76	6
SAOUHSC_00935	140	84	92	47	31	7
SAOUHSC_00936	95	88	68	25	13	1
SAOUHSC_00937	98	80	54	22	15	1
SAOUHSC_00938	162	102	115	96	54	3
SAOUHSC_00939	56	29	56	11	13	2
SAOUHSC_00940	198	108	116	50	41	1
SAOUHSC_00941	270	190	175	143	138	27
SAOUHSC_00942	241	102	155	133	142	6
SAOUHSC_00943	206	124	153	41	34	7
SAOUHSC_00944	149	113	120	45	33	3
SAOUHSC_00945	82	49	46	89	72	6
SAOUHSC_00946	184	167	123	187	188	16
SAOUHSC_00947	464	365	301	111	92	16
SAOUHSC_00948	120	106	98	51	64	4
SAOUHSC_00949	88	71	56	20	16	1
SAOUHSC_00950	166	97	90	149	182	25
SAOUHSC_00951	225	165	148	162	197	22
SAOUHSC_00952	305	249	235	42	35	6
SAOUHSC_00953	23	12	11	3	1	1
SAOUHSC_00954	297	252	217	103	77	7
SAOUHSC_00955	187	167	112	56	43	12
SAOUHSC_00956	304	254	249	69	52	0
SAOUHSC_00957	222	197	196	59	57	7
SAOUHSC_00958	516	407	404	98	60	6
SAOUHSC_00959	1	0	0	0	0	2
SAOUHSC_00960	3	1	2	4	1	0
SAOUHSC_T00049	35	10	11	14	18	2
SAOUHSC_T0008	41	38	20	24	36	0
SAOUHSC_00961	217	312	168	570	301	50
SAOUHSC_00962	64	38	66	31	20	3
SAOUHSC_00963	146	102	88	161	99	5
SAOUHSC_00964	309	377	180	274	190	11
SAOUHSC_00965	10	20	14	5	6	0
SAOUHSC_00966	123	67	75	55	41	2
SAOUHSC_00967	25	7	11	2	3	0
SAOUHSC_00968	59	53	52	27	8	0
SAOUHSC_00969	17	6	10	15	9	5
SAOUHSC_00970	15	4	8	4	7	0
SAOUHSC_00971	109	69	86	57	43	7
SAOUHSC_00972	342	349	367	34	23	2
SAOUHSC_00975	1	2	1	2	1	0
SAOUHSC_00976	16	18	8	6	10	0
SAOUHSC_00977	163	122	174	54	48	1
SAOUHSC_00978	241	163	127	356	350	49
SAOUHSC_00979	48	41	30	5	4	0
SAOUHSC_00980	177	98	115	40	36	3
SAOUHSC_00981	325	197	237	150	179	6
SAOUHSC_00982	58	25	41	13	14	1
SAOUHSC_00983	101	65	89	45	55	4
SAOUHSC_00984	17	4	14	13	15	2
SAOUHSC_00985	91	32	51	64	47	5
SAOUHSC_00986	295	184	176	209	186	28
SAOUHSC_00987	330	181	171	220	157	18
SAOUHSC_00988	308	138	226	126	88	8
SAOUHSC_00989	18	9	12	7	5	0
SAOUHSC_00991	0	0	0	0	1	0
SAOUHSC_00992	741	453	508	544	519	60
SAOUHSC_00993	190	118	138	57	35	7
SAOUHSC_00994	59	44	59	26	17	0
SAOUHSC_00995	205	105	111	92	54	8
SAOUHSC_00996	60	44	65	112	145	19
SAOUHSC_00997	26	8	6	27	13	1
SAOUHSC_00998	83	47	45	47	68	11
SAOUHSC_00999	324	213	188	162	147	35
SAOUHSC_01000	268	137	164	102	68	12
SAOUHSC_01001	25	27	32	10	9	1
SAOUHSC_01002	56	36	33	36	22	0
SAOUHSC_01003	118	91	101	33	18	0
SAOUHSC_01005	122	66	75	26	11	3
SAOUHSC_01007	235	134	177	52	49	2
SAOUHSC_01008	76	38	57	63	93	1
SAOUHSC_01009	8	4	3	2	4	0
SAOUHSC_01010	50	29	37	7	11	1
SAOUHSC_01011	291	183	210	96	60	3
SAOUHSC_01012	271	148	149	73	43	4
SAOUHSC_01013	136	89	94	29	25	2
SAOUHSC_01014	57	48	33	42	22	0
SAOUHSC_01015	174	119	117	39	46	3
SAOUHSC_01016	169	116	120	80	77	3
SAOUHSC_01017	93	60	60	57	55	5
SAOUHSC_01018	618	428	374	386	306	57
SAOUHSC_01019	90	77	58	15	19	8
SAOUHSC_01021	119	124	128	15	14	2
SAOUHSC_01022	9	6	8	11	15	0
SAOUHSC_01023	312	189	230	156	138	9
SAOUHSC_01024	246	182	178	120	77	15
SAOUHSC_01025	54	22	40	15	14	0
SAOUHSC_01026	19	16	16	13	10	1
SAOUHSC_01027	184	109	101	92	63	5
SAOUHSC_01028	23	38	35	29	32	2
SAOUHSC_01029	470	285	314	107	97	5
SAOUHSC_01030	129	65	84	13	17	0
SAOUHSC_01031	45	21	33	29	8	5
SAOUHSC_01032	21	13	6	20	19	2
SAOUHSC_01034	543	385	365	284	253	42
SAOUHSC_A00992	69	43	42	29	20	3
SAOUHSC_01035	7	0	7	1	2	0
SAOUHSC_01036	387	320	291	199	173	25
SAOUHSC_01037	35	12	13	7	2	0
SAOUHSC_01038	190	136	119	49	20	4
SAOUHSC_01039	184	106	104	46	28	15
SAOUHSC_01040	270	170	121	45	26	3
SAOUHSC_01041	202	114	103	62	16	1
SAOUHSC_01042	36	19	24	4	15	2
SAOUHSC_01043	117	65	87	118	85	11
SAOUHSC_01044	247	153	146	231	284	20
SAOUHSC_01045	70	45	56	38	24	5
SAOUHSC_01046	104	56	54	46	34	0
SAOUHSC_01047	100	57	69	30	29	3
SAOUHSC_01048	111	50	57	58	38	5
SAOUHSC_01049	25	16	22	16	24	3
SAOUHSC_01050	1094	895	635	2494	3390	395
SAOUHSC_01051	231	171	118	346	287	18
SAOUHSC_01053	78	64	39	71	48	8
SAOUHSC_01054	128	98	78	115	89	3
SAOUHSC_01055	505	313	271	261	196	20
SAOUHSC_01055a	23	16	24	27	18	2
SAOUHSC_01058	248	230	217	133	137	5
SAOUHSC_01060	79	58	56	34	11	2
SAOUHSC_01061	252	149	149	82	77	10
SAOUHSC_01062	429	247	247	100	65	7
SAOUHSC_01063	214	190	135	240	291	107
SAOUHSC_01064	186	103	122	60	45	2
SAOUHSC_01065	36	31	20	15	31	0
SAOUHSC_01066	7	1	9	3	3	1
SAOUHSC_01067	71	31	34	9	6	0
SAOUHSC_01068	10	9	9	2	5	1
SAOUHSC_01069	95	70	68	80	55	4
SAOUHSC_01070	19	14	18	76	64	14
SAOUHSC_01071	409	232	290	640	885	54
SAOUHSC_01072	26	5	15	7	5	0
SAOUHSC_01073	21	10	13	2	7	0
SAOUHSC_01074	844	685	591	903	1239	74
SAOUHSC_01075	71	47	29	28	30	2
SAOUHSC_01076	773	619	684	164	66	3
SAOUHSC_01077	172	101	122	57	37	3
SAOUHSC_01079	85	44	67	45	38	3
SAOUHSC_01081	92	28	62	17	10	1
SAOUHSC_01082	118	56	75	53	45	1
SAOUHSC_01084	104	54	75	41	30	7
SAOUHSC_01085	39	20	35	12	16	0
SAOUHSC_01086	10	4	11	1	3	0
SAOUHSC_01087	51	17	42	13	16	0
SAOUHSC_01088	7	3	4	6	12	0
SAOUHSC_01089	111	61	77	47	24	3
SAOUHSC_01090	187	98	93	27	40	0
SAOUHSC_01091	232	120	120	90	73	7
SAOUHSC_01092	67	37	39	12	11	9
SAOUHSC_01093	52	30	27	54	32	3
SAOUHSC_01095	90	55	46	63	60	6
SAOUHSC_01096	292	127	166	126	116	2
SAOUHSC_01097	281	146	177	90	69	4
SAOUHSC_01098	54	33	39	27	12	0
SAOUHSC_01099	160	110	114	157	209	4
SAOUHSC_01100	281	164	176	50	24	6
SAOUHSC_01101	86	54	69	30	17	3
SAOUHSC_01102	273	196	191	111	88	31
SAOUHSC_01103	159	142	123	167	137	50
SAOUHSC_01104	553	508	384	1066	1389	610
SAOUHSC_01105	64	33	36	27	18	1
SAOUHSC_01106	47	28	43	47	26	0
SAOUHSC_01107	1	0	0	1	0	0
SAOUHSC_01108	23	8	9	17	6	2
SAOUHSC_01109	5	6	3	5	0	1
SAOUHSC_01110	867	762	617	771	315	9
SAOUHSC_01111	41	18	37	19	16	0
SAOUHSC_01112	26	20	17	21	9	0
SAOUHSC_01113	17	10	7	15	5	0
SAOUHSC_01114	371	289	208	582	546	333
SAOUHSC_01115	33	12	17	4	9	0
SAOUHSC_01118	18	12	14	36	42	2
SAOUHSC_01119	50	33	51	47	31	1
SAOUHSC_A01081	397	234	173	119	78	15
SAOUHSC_01120	1	0	1	1	1	0
SAOUHSC_01121	3	1	2	3	0	0
SAOUHSC_01122	424	353	393	197	211	13
SAOUHSC_01123	279	209	293	125	98	5
SAOUHSC_01124	284	239	246	98	80	10
SAOUHSC_01125	283	194	219	47	20	4
SAOUHSC_01127	171	79	130	38	26	2
SAOUHSC_01128	545	371	413	241	219	67
SAOUHSC_01129	10	11	14	5	20	2
SAOUHSC_01130	453	386	300	1177	1099	109
SAOUHSC_01131	0	0	1	1	0	0
SAOUHSC_01133	21	20	7	5	11	3
SAOUHSC_01134	67	25	34	4	13	1
SAOUHSC_T0006	20	13	11	5	6	2
SAOUHSC_01135	105	79	106	91	122	17
SAOUHSC_01136	2134	1255	2210	584	624	36
SAOUHSC_01137	82	45	54	32	38	9
SAOUHSC_01138	172	104	91	30	15	2
SAOUHSC_01139	177	105	71	289	22	8
SAOUHSC_01141	139	78	84	41	29	5
SAOUHSC_01142	18	8	14	12	4	1
SAOUHSC_01143	568	313	331	93	39	4
SAOUHSC_01144	225	130	162	68	49	4
SAOUHSC_01145	227	133	116	55	68	2
SAOUHSC_01146	154	64	85	46	16	0
SAOUHSC_01147	172	97	111	54	55	5
SAOUHSC_01148	260	142	145	69	51	5
SAOUHSC_01149	126	53	70	42	30	0
SAOUHSC_01150	103	53	47	36	23	0
SAOUHSC_01152	147	85	79	83	80	16
SAOUHSC_01153	25	13	15	8	5	1
SAOUHSC_01154	62	43	61	21	19	0
SAOUHSC_01155	89	41	57	21	20	2
SAOUHSC_01156	393	203	203	88	80	13
SAOUHSC_01158	60	38	47	57	67	1
SAOUHSC_01159	100	53	86	56	33	1
SAOUHSC_01160	207	124	140	75	81	10
SAOUHSC_01162	389	199	226	218	175	28
SAOUHSC_01163	271	179	177	161	116	14
SAOUHSC_01164	99	59	67	23	11	0
SAOUHSC_01165	353	202	230	111	90	16
SAOUHSC_01166	260	175	177	81	71	8
SAOUHSC_01168	529	363	312	247	252	33
SAOUHSC_01169	83	60	66	36	27	2
SAOUHSC_01170	66	33	30	32	38	4
SAOUHSC_01171	5	0	3	2	4	0
SAOUHSC_01172	39	30	20	25	10	0
SAOUHSC_01173	681	527	528	777	757	30
SAOUHSC_01174	80	42	50	38	20	1
SAOUHSC_01175	32	24	24	16	12	0
SAOUHSC_01176	145	102	91	45	32	3
SAOUHSC_01177	279	147	173	58	46	6
SAOUHSC_01178	156	116	117	60	17	3
SAOUHSC_01179	41	47	33	14	17	0
SAOUHSC_01180	237	139	141	27	20	5
SAOUHSC_01181	176	83	111	70	24	0
SAOUHSC_01182	235	142	143	234	256	26
SAOUHSC_01183	174	96	109	35	24	5
SAOUHSC_01184	84	54	55	17	9	3
SAOUHSC_01185	242	155	168	117	92	11
SAOUHSC_01186	123	91	97	53	53	7
SAOUHSC_01187	89	65	66	20	6	1
SAOUHSC_01188	84	53	57	64	51	1
SAOUHSC_01189	48	35	18	62	33	0
SAOUHSC_01190	40	22	28	12	5	0
SAOUHSC_01191	136	67	79	37	22	0
SAOUHSC_01192	389	213	239	106	71	4
SAOUHSC_01193	58	31	33	21	17	1
SAOUHSC_01194	78	45	62	20	14	2
SAOUHSC_01196	106	53	71	22	12	1
SAOUHSC_01197	89	47	54	21	15	1
SAOUHSC_01198	925	822	706	3861	6890	3624
SAOUHSC_01199	20	9	12	52	43	0
SAOUHSC_01200	58	34	46	6	6	0
SAOUHSC_01201	293	151	213	55	27	3
SAOUHSC_01203	74	52	62	11	2	0
SAOUHSC_01204	9	11	7	1	1	0
SAOUHSC_01205	167	109	106	49	36	3
SAOUHSC_01206	36	19	15	10	10	3
SAOUHSC_01207	47	19	30	12	9	0
SAOUHSC_01208	78	51	50	22	14	3
SAOUHSC_01209	50	27	18	30	12	3
SAOUHSC_01210	488	323	329	380	343	34
SAOUHSC_01211	129	47	63	8	6	1
SAOUHSC_01213	90	38	41	7	3	1
SAOUHSC_01214	103	86	59	27	25	3
SAOUHSC_01215	118	75	70	33	24	1
SAOUHSC_01216	160	107	147	47	26	7
SAOUHSC_01218	26	16	43	11	18	3
SAOUHSC_01219	151	71	93	49	43	9
SAOUHSC_01220	311	143	172	80	66	12
SAOUHSC_01221	147	82	92	38	28	5
SAOUHSC_01222	114	39	51	25	12	1
SAOUHSC_01223	86	49	42	21	8	3
SAOUHSC_01224	222	115	145	30	15	2
SAOUHSC_01225	81	37	47	28	17	0
SAOUHSC_01226	10	3	5	0	0	0
SAOUHSC_01228	9	10	2	1	2	0
SAOUHSC_01230	141	75	75	56	40	2
SAOUHSC_01233	219	98	123	28	14	3
SAOUHSC_01234	64	23	41	11	7	0
SAOUHSC_01235	65	43	37	68	56	1
SAOUHSC_01236	57	34	35	40	48	2
SAOUHSC_01237	317	173	189	80	90	19
SAOUHSC_01238	327	200	229	156	151	7
SAOUHSC_01239	638	346	446	162	161	17
SAOUHSC_01240	56	39	27	11	7	0
SAOUHSC_01241	85	54	83	27	13	0
SAOUHSC_01242	17	10	7	4	6	0
SAOUHSC_01243	30	12	13	5	1	0
SAOUHSC_01244	267	163	166	105	107	15
SAOUHSC_01245	47	17	39	11	9	1
SAOUHSC_01246	105	51	77	26	19	0
SAOUHSC_01247	114	53	65	39	17	3
SAOUHSC_01248	63	45	36	44	30	1
SAOUHSC_01249	353	184	216	98	73	12
SAOUHSC_01250	129	74	92	15	15	0
SAOUHSC_01251	320	218	221	75	58	7
SAOUHSC_01252	147	111	99	39	23	1
SAOUHSC_01253	166	63	103	17	6	1
SAOUHSC_01254	134	79	78	25	10	3
SAOUHSC_01255	71	31	44	18	15	1
SAOUHSC_01256	148	80	89	26	17	3
SAOUHSC_01257	41	20	25	12	15	1
SAOUHSC_01258	97	39	61	38	21	3
SAOUHSC_01259	131	54	93	38	36	1
SAOUHSC_01260	154	93	75	41	30	2
SAOUHSC_01261	242	127	140	73	59	1
SAOUHSC_01262	7	8	16	6	5	0
SAOUHSC_01263	269	166	159	48	28	2
SAOUHSC_01264	437	248	230	82	39	8
SAOUHSC_01265	133	93	79	80	70	19
SAOUHSC_01266	36	26	28	6	4	0
SAOUHSC_01267	192	115	145	54	29	6
SAOUHSC_01268	71	40	40	44	19	1
SAOUHSC_01269	115	91	71	140	148	63
SAOUHSC_01270	280	157	176	91	68	7
SAOUHSC_01271	160	88	109	58	33	6
SAOUHSC_01272	17	7	21	47	38	0
SAOUHSC_01273	297	148	123	36	34	7
SAOUHSC_01274	278	151	165	44	36	2
SAOUHSC_01275	186	112	102	78	44	6
SAOUHSC_01276	77	41	56	17	23	0
SAOUHSC_01278	80	46	48	52	41	0
SAOUHSC_01279	6	6	6	16	6	0
SAOUHSC_01280	211	235	168	171	100	5
SAOUHSC_01281	285	174	190	44	21	1
SAOUHSC_01282	182	98	121	25	8	2
SAOUHSC_01283	54	24	27	8	6	0
SAOUHSC_01284	196	137	144	46	33	5
SAOUHSC_01285	13	6	21	14	12	2
SAOUHSC_01287	1	1	1	0	0	0
SAOUHSC_01288	1	5	13	13	10	6
SAOUHSC_01289	2	2	1	0	0	1
SAOUHSC_01290	10	6	7	18	21	0
SAOUHSC_01291	49	19	49	12	9	0
SAOUHSC_01292	0	0	0	0	0	0
SAOUHSC_01293	5	2	15	6	6	0
SAOUHSC_01294	70	45	34	51	24	13
SAOUHSC_01295	13	5	14	8	3	0
SAOUHSC_01296	2	2	0	0	2	0
SAOUHSC_01297	6	5	3	1	0	0
SAOUHSC_01298	3	2	0	0	0	0
SAOUHSC_01299	1	1	0	0	0	0
SAOUHSC_01300	42	26	34	54	44	5
SAOUHSC_01301	1	0	0	1	1	1
SAOUHSC_01304	1	4	6	4	5	2
SAOUHSC_01305	275	228	254	46	54	9
SAOUHSC_01306	5	1	4	0	2	0
SAOUHSC_01307	223	146	153	77	65	9
SAOUHSC_1307a	36	13	24	22	25	4
SAOUHSC_01310	84	42	55	98	114	3
SAOUHSC_01311	53	49	61	41	67	3
SAOUHSC_01312	28	20	34	15	6	0
SAOUHSC_01313	19	19	23	12	11	0
SAOUHSC_01314	75	64	70	71	81	21
SAOUHSC_01315	120	78	95	38	50	1
SAOUHSC_01316	139	93	133	293	298	20
SAOUHSC_01317	211	174	139	195	356	21
SAOUHSC_01318	124	76	104	45	44	0
SAOUHSC_01319	148	99	85	52	45	4
SAOUHSC_01320	106	86	72	42	26	2
SAOUHSC_01321	58	46	36	34	34	1
SAOUHSC_01322	20	19	14	23	16	1
SAOUHSC_01323	1	0	0	1	1	0
SAOUHSC_01324	548	392	400	311	320	76
SAOUHSC_01325	380	435	372	52	44	1
SAOUHSC_01326	58	53	56	9	6	0
SAOUHSC_01327	260	224	258	58	20	1
SAOUHSC_01328	2141	1566	1987	858	710	26
SAOUHSC_01329	173	146	165	70	39	3
SAOUHSC_01330	1793	1398	1814	1519	965	38
SAOUHSC_01331	278	303	251	84	100	23
SAOUHSC_01332	55	29	23	16	18	0
SAOUHSC_01333	3	1	1	3	2	1
SAOUHSC_01334	296	194	180	71	76	3
SAOUHSC_01336	47	49	61	8	11	0
SAOUHSC_01337	4	4	4	0	0	0
SAOUHSC_01338	129	103	112	28	37	5
SAOUHSC_01339	310	255	336	48	31	0
SAOUHSC_01340	139	85	109	37	41	2
SAOUHSC_01341	543	408	326	121	84	29
SAOUHSC_1342a	931	729	680	377	203	32
SAOUHSC_01346	212	146	138	305	247	28
SAOUHSC_01347	640	549	518	749	894	63
SAOUHSC_01348	615	499	383	532	627	94
SAOUHSC_01349	324	170	195	52	30	7
SAOUHSC_01350	379	212	289	108	76	2
SAOUHSC_01351	788	604	928	1508	2910	70
SAOUHSC_01352	215	156	151	88	75	14
SAOUHSC_01353	80	38	76	47	28	0
SAOUHSC_01354	13	8	5	4	3	0
SAOUHSC_01356	195	121	150	41	40	3
SAOUHSC_01357	413	293	254	362	268	17
SAOUHSC_01358	42	25	29	24	24	0
SAOUHSC_01359	368	321	250	378	360	63
SAOUHSC_01360	31	39	23	16	7	3
SAOUHSC_01361	153	89	93	145	160	8
SAOUHSC_01362	29745	19228	23894	1818	837	52
SAOUHSC_01363	161	118	82	54	54	3
SAOUHSC_01364	228	146	193	254	257	29
SAOUHSC_01365	135	103	113	165	240	27
SAOUHSC_01366	224	156	142	553	695	43
SAOUHSC_01367	91	56	69	29	17	0
SAOUHSC_01368	44	34	48	12	19	4
SAOUHSC_01369	167	133	136	63	39	6
SAOUHSC_01370	59	37	37	29	41	1
SAOUHSC_01371	246	120	155	46	26	1
SAOUHSC_01372	206	97	141	38	24	1
SAOUHSC_01373	73	50	50	34	48	1
SAOUHSC_01374	38	23	21	51	38	1
SAOUHSC_01375	85	49	56	40	59	7
SAOUHSC_01376	72	53	55	34	19	2
SAOUHSC_01377	151	88	93	45	56	3
SAOUHSC_01378	176	106	105	75	71	3
SAOUHSC_01379	2	0	1	5	1	0
SAOUHSC_01380	5	2	15	3	7	0
SAOUHSC_01381	374	291	247	287	269	11
SAOUHSC_01382	32	19	34	13	12	0
SAOUHSC_01383	78	40	44	20	20	0
SAOUHSC_01384	173	99	93	73	73	10
SAOUHSC_01385	159	84	111	51	43	9
SAOUHSC_01386	9	4	10	3	3	1
SAOUHSC_01387	62	40	64	21	30	2
SAOUHSC_01388	74	29	33	13	7	2
SAOUHSC_01389	285	204	205	66	64	10
SAOUHSC_01391	362	235	235	116	112	11
SAOUHSC_01392	247	199	193	86	101	4
SAOUHSC_01394	317	187	202	130	75	13
SAOUHSC_01395	242	209	134	132	72	8
SAOUHSC_01396	228	205	157	189	161	48
SAOUHSC_01397	354	315	271	125	66	5
SAOUHSC_01398	280	237	216	88	43	1
SAOUHSC_01399	301	279	202	117	108	8
SAOUHSC_01400	4	0	3	8	5	2
SAOUHSC_01401	23	13	13	22	27	2
SAOUHSC_01402	45	14	15	18	23	1
SAOUHSC_01403	45	33	25	11	4	0
SAOUHSC_01405	54	26	31	14	6	0
SAOUHSC_01406	80	59	43	24	8	1
SAOUHSC_01407	140	95	69	160	106	51
SAOUHSC_01408	188	110	144	131	79	10
SAOUHSC_01411	169	79	92	40	38	1
SAOUHSC_01412	10	1	7	5	3	0
SAOUHSC_01413	258	104	157	43	31	9
SAOUHSC_01414	145	98	98	42	48	3
SAOUHSC_01415	626	369	347	235	143	16
SAOUHSC_01416	130	48	75	76	60	2
SAOUHSC_01418	224	120	141	74	58	3
SAOUHSC_01419	15	6	28	10	5	2
SAOUHSC_01420	2702	2201	575	326	442	41
SAOUHSC_01421	203	287	132	52	55	4
SAOUHSC_01422	222	280	189	20	16	2
SAOUHSC_01423	276	361	195	18	13	1
SAOUHSC_01424	306	364	266	25	15	2
SAOUHSC_01425	25	32	22	11	3	0
SAOUHSC_01427	338	286	173	504	219	35
SAOUHSC_01429	214	190	180	207	103	12
SAOUHSC_01430	256	218	161	107	67	5
SAOUHSC_01431	415	431	282	87	52	14
SAOUHSC_01432	379	449	264	65	30	5
SAOUHSC_01433	731	755	515	140	69	9
SAOUHSC_01434	200	254	151	73	36	5
SAOUHSC_01435	904	992	653	163	116	16
SAOUHSC_01436	182	198	142	43	32	1
SAOUHSC_01437	251	266	203	58	51	2
SAOUHSC_01438	57	24	33	12	15	6
SAOUHSC_01439	1071	777	714	209	191	58
SAOUHSC_01440	10	9	8	2	0	0
SAOUHSC_01441	7662	4703	4282	4239	2575	152
SAOUHSC_01443	347	196	186	190	219	35
SAOUHSC_01447	268	177	182	46	29	6
SAOUHSC_01448	227	135	122	33	13	2
SAOUHSC_01450	177	112	125	44	54	3
SAOUHSC_01451	73	53	53	70	58	4
SAOUHSC_01452	223	99	162	60	45	3
SAOUHSC_01454	236	145	121	181	194	17
SAOUHSC_01455	13	11	15	2	8	0
SAOUHSC_01456	419	365	333	311	295	17
SAOUHSC_01459	12	8	9	14	17	1
SAOUHSC_01460	87	64	67	21	12	0
SAOUHSC_01462	23	12	20	14	13	0
SAOUHSC_01463	123	78	56	79	52	6
SAOUHSC_01464	402	257	181	171	85	17
SAOUHSC_01466	10	2	9	5	4	0
SAOUHSC_01467	103	61	69	20	10	1
SAOUHSC_01468	121	56	66	25	26	2
SAOUHSC_01469	122	61	69	43	25	3
SAOUHSC_01470	158	74	116	74	76	3
SAOUHSC_01471	167	91	127	183	133	12
SAOUHSC_01472	154	103	111	64	50	3
SAOUHSC_01473	210	103	134	45	25	2
SAOUHSC_01474	36	10	25	9	4	1
SAOUHSC_01475	201	112	110	73	57	4
SAOUHSC_01476	112	73	75	39	55	6
SAOUHSC_01477	94	48	70	45	49	2
SAOUHSC_01478	172	107	119	122	167	9
SAOUHSC_01479	414	241	226	251	254	24
SAOUHSC_01480	342	240	231	166	132	20
SAOUHSC_01481	220	120	168	42	26	6
SAOUHSC_01482	0	0	0	0	0	0
SAOUHSC_01483	42	27	19	24	7	0
SAOUHSC_01484	147	88	92	37	22	1
SAOUHSC_01485	74	39	40	10	4	0
SAOUHSC_01486	50	26	27	10	12	0
SAOUHSC_01487	54	33	16	130	56	2
SAOUHSC_01488	33	24	13	47	31	7
SAOUHSC_01489	161	79	91	58	55	4
SAOUHSC_01490	193	106	130	57	20	4
SAOUHSC_01491	136	89	91	39	23	1
SAOUHSC_01492	0	0	1	0	1	0
SAOUHSC_01493	3	0	3	0	0	0
SAOUHSC_A01436	2	1	0	0	0	0
SAOUHSC_01494	130	67	72	19	8	0
SAOUHSC_01495	561	609	363	741	424	80
SAOUHSC_01496	66	44	37	30	20	2
SAOUHSC_01497	3	0	5	0	0	0
SAOUHSC_01499	352	176	175	165	145	32
SAOUHSC_01500	493	280	346	294	221	36
SAOUHSC_01501	1202	812	1036	598	617	23
SAOUHSC_01502	50	35	20	26	10	0
SAOUHSC_01503	72	67	64	95	84	25
SAOUHSC_01504	37	18	26	34	9	2
SAOUHSC_01505	72	59	67	68	45	8
SAOUHSC_01507	1	2	7	1	2	0
SAOUHSC_01508	60	29	46	46	67	5
SAOUHSC_01510	74	38	55	19	9	0
SAOUHSC_01511	15	7	11	2	3	0
SAOUHSC_01512	0	0	0	0	0	0
SAOUHSC_01513	0	0	0	0	0	0
SAOUHSC_01514	0	0	0	0	0	0
SAOUHSC_01515	0	0	0	0	0	0
SAOUHSC_01516	0	0	0	0	0	0
SAOUHSC_01517	0	0	0	0	0	0
SAOUHSC_01518	0	0	0	0	0	0
SAOUHSC_01519	0	0	0	0	0	0
SAOUHSC_01520	0	0	0	0	0	0
SAOUHSC_01521	0	0	0	0	0	0
SAOUHSC_01522	0	0	0	0	0	0
SAOUHSC_01523	0	0	0	0	0	0
SAOUHSC_01524	0	0	0	0	0	0
SAOUHSC_01525	0	0	0	0	0	0
SAOUHSC_01526	0	0	0	0	0	0
SAOUHSC_01527	0	0	0	0	0	0
SAOUHSC_01528	0	0	0	0	0	0
SAOUHSC_01529	0	0	0	0	0	0
SAOUHSC_01530	0	0	0	0	0	0
SAOUHSC_01531	0	0	0	0	0	0
SAOUHSC_01532	0	0	0	0	0	0
SAOUHSC_01533	0	0	0	0	0	0
SAOUHSC_01535	0	0	0	0	0	0
SAOUHSC_01536	0	0	0	0	0	0
SAOUHSC_01537	0	0	0	0	0	0
SAOUHSC_01538	0	0	0	0	0	0
SAOUHSC_01539	0	0	0	0	0	0
SAOUHSC_01540	0	0	0	0	0	0
SAOUHSC_01541	0	0	0	0	0	0
SAOUHSC_01542	0	0	0	0	0	0
SAOUHSC_01543	0	0	0	0	0	0
SAOUHSC_01544	0	0	0	0	0	0
SAOUHSC_01545	0	0	0	0	0	0
SAOUHSC_01546	0	0	0	0	0	0
SAOUHSC_01547	0	0	0	0	0	0
SAOUHSC_01548	0	0	0	0	0	0
SAOUHSC_01549	0	0	0	0	0	0
SAOUHSC_01550	0	0	0	0	0	0
SAOUHSC_01551	0	0	0	0	0	0
SAOUHSC_01552	0	0	0	0	0	0
SAOUHSC_01553	0	0	0	0	0	0
SAOUHSC_01555	0	0	0	0	0	0
SAOUHSC_01556	0	0	0	0	0	0
SAOUHSC_01557	0	0	0	0	0	0
SAOUHSC_01558	0	0	0	0	0	0
SAOUHSC_01559	0	0	0	0	0	0
SAOUHSC_01560	0	0	0	0	0	0
SAOUHSC_01561	0	0	0	0	0	0
SAOUHSC_01562	0	0	0	0	0	0
SAOUHSC_01563	0	0	0	0	0	0
SAOUHSC_01565	0	0	0	0	0	0
SAOUHSC_01566	0	0	0	0	0	0
SAOUHSC_01567	0	0	0	0	0	0
SAOUHSC_01568	0	0	0	0	0	0
SAOUHSC_01569	0	0	0	0	0	0
SAOUHSC_01570	0	0	0	0	0	0
SAOUHSC_01571	0	0	0	0	0	0
SAOUHSC_01572	0	0	0	0	0	0
SAOUHSC_01573	0	0	0	0	0	0
SAOUHSC_01574	0	0	0	0	0	0
SAOUHSC_A01514	0	0	0	0	0	0
SAOUHSC_01575	0	0	0	0	0	0
SAOUHSC_01576	0	0	0	0	0	0
SAOUHSC_01577	0	0	0	0	0	0
SAOUHSC_01578	0	0	0	0	0	0
SAOUHSC_01579	0	0	0	0	0	0
SAOUHSC_01580	99	52	59	19	23	3
SAOUHSC_01582	76	37	38	23	25	2
SAOUHSC_01583	198	113	142	124	110	7
SAOUHSC_01584	72	46	40	30	18	2
SAOUHSC_01585	52	26	33	10	6	0
SAOUHSC_01586	46	14	21	15	6	0
SAOUHSC_01587	54	28	27	26	14	1
SAOUHSC_01588	104	124	75	49	44	5
SAOUHSC_01589	200	125	129	327	264	13
SAOUHSC_01590	75	36	45	45	22	4
SAOUHSC_01591	65	34	47	11	6	1
SAOUHSC_01592	363	232	262	422	449	41
SAOUHSC_01593	142	143	83	197	258	11
SAOUHSC_01594	501	480	344	608	490	45
SAOUHSC_01595	44	37	42	28	35	1
SAOUHSC_01596	340	237	265	136	101	14
SAOUHSC_01597	251	175	167	247	239	16
SAOUHSC_01598	210	130	143	80	90	14
SAOUHSC_01599	343	301	265	81	71	6
SAOUHSC_01600	122	64	87	15	13	1
SAOUHSC_01601	15	2	5	4	0	0
SAOUHSC_01602	47	29	32	4	1	0
SAOUHSC_01603	315	238	202	141	120	5
SAOUHSC_01604	407	261	279	67	68	8
SAOUHSC_01605	29	29	36	44	46	8
SAOUHSC_01606	549	437	360	510	837	199
SAOUHSC_01607	133	112	98	640	438	37
SAOUHSC_01608	89	71	70	98	49	8
SAOUHSC_01609	174	122	123	73	40	1
SAOUHSC_01610	160	117	106	12	7	0
SAOUHSC_01611	234	145	126	34	19	3
SAOUHSC_01612	289	201	192	78	52	8
SAOUHSC_01613	168	106	122	35	19	1
SAOUHSC_01614	95	38	63	24	13	0
SAOUHSC_01615	182	112	115	39	27	2
SAOUHSC_01617	4	4	7	0	0	0
SAOUHSC_01618	190	84	79	41	36	2
SAOUHSC_01619	59	15	32	8	11	0
SAOUHSC_01620	16	9	8	1	6	0
SAOUHSC_01621	376	214	252	287	254	23
SAOUHSC_01622	108	64	72	35	19	0
SAOUHSC_01623	132	83	91	58	32	0
SAOUHSC_01624	248	141	144	56	29	4
SAOUHSC_01625	13	7	10	40	45	4
SAOUHSC_01626	35	22	23	60	67	2
SAOUHSC_01627	205	158	143	78	43	19
SAOUHSC_01628	67	50	37	105	135	9
SAOUHSC_01629	312	286	242	191	158	26
SAOUHSC_01630	247	190	185	84	65	7
SAOUHSC_01632	143	85	86	26	39	2
SAOUHSC_01633	19	16	20	6	2	0
SAOUHSC_01634	0	0	1	2	0	0
SAOUHSC_01635	4	3	2	4	4	0
SAOUHSC_01636	11	8	21	10	2	0
SAOUHSC_01637	6	2	5	2	2	0
SAOUHSC_01638	22	21	32	9	3	0
SAOUHSC_01639	77	53	81	55	39	2
SAOUHSC_01640	274	151	144	166	174	24
SAOUHSC_01641	36	13	22	10	18	1
SAOUHSC_01643	14	11	15	6	14	0
SAOUHSC_01644	37	31	27	23	16	4
SAOUHSC_01645	1	0	0	2	0	0
SAOUHSC_01646	127	84	91	57	47	6
SAOUHSC_01647	9	4	2	4	0	0
SAOUHSC_01650	261	140	185	88	63	14
SAOUHSC_01651	249	99	117	56	30	2
SAOUHSC_01652	11	7	7	0	2	0
SAOUHSC_01653	101	51	66	27	29	5
SAOUHSC_01655	100	45	56	39	35	2
SAOUHSC_01656	123	60	89	27	30	4
SAOUHSC_01657	115	66	75	45	33	2
SAOUHSC_01658	118	71	80	71	73	0
SAOUHSC_01659	129	67	89	49	50	1
SAOUHSC_01660	207	105	139	49	36	1
SAOUHSC_01661	152	71	98	31	25	1
SAOUHSC_01662	134	87	96	44	30	3
SAOUHSC_01663	140	70	104	22	26	1
SAOUHSC_01664	200	163	90	96	56	3
SAOUHSC_01665	39	41	37	22	29	1
SAOUHSC_01666	84	46	54	36	34	1
SAOUHSC_01667	67	30	36	24	24	1
SAOUHSC_01668	62	25	23	42	62	1
SAOUHSC_01670	66	48	43	47	40	3
SAOUHSC_01671	131	55	88	38	29	1
SAOUHSC_01672	116	60	55	57	41	13
SAOUHSC_01673	228	116	118	64	34	8
SAOUHSC_01675	239	126	120	51	44	0
SAOUHSC_01676	110	57	36	129	17	9
SAOUHSC_01677	272	137	155	111	92	10
SAOUHSC_01678	133	60	88	73	59	1
SAOUHSC_01679	98	67	64	46	56	11
SAOUHSC_01680	157	111	92	105	95	49
SAOUHSC_01681	485	344	242	96	27	14
SAOUHSC_01682	165	136	75	28	12	0
SAOUHSC_01683	130	114	75	58	39	3
SAOUHSC_01684	86	53	71	19	12	2
SAOUHSC_01685	30	14	20	19	1	3
SAOUHSC_01686	287	204	217	67	43	5
SAOUHSC_01687	65	47	51	45	40	4
SAOUHSC_01688	30	41	38	15	12	0
SAOUHSC_01689	820	701	746	569	536	50
SAOUHSC_01690	474	423	457	184	112	14
SAOUHSC_01691	600	360	531	119	102	5
SAOUHSC_01692	125	127	99	134	117	7
SAOUHSC_01693	49	39	41	21	15	1
SAOUHSC_01694	93	67	57	45	37	6
SAOUHSC_01695	157	87	88	28	30	0
SAOUHSC_01696	17	18	7	3	1	0
SAOUHSC_01697	103	85	77	27	27	1
SAOUHSC_01698	145	87	104	22	27	0
SAOUHSC_01699	96	58	49	14	4	0
SAOUHSC_01700	105	63	65	15	14	1
SAOUHSC_01701	41	30	43	77	116	6
SAOUHSC_01702	45	21	29	25	15	1
SAOUHSC_01704	88	52	74	63	83	1
SAOUHSC_01705	280	199	205	164	95	13
SAOUHSC_01706	120	92	97	17	5	1
SAOUHSC_01707	183	100	124	28	17	1
SAOUHSC_01708	51	30	36	2	2	0
SAOUHSC_01709	170	83	86	24	22	1
SAOUHSC_01710	155	80	78	48	47	5
SAOUHSC_01711	76	53	55	34	20	1
SAOUHSC_01712	96	49	55	27	18	2
SAOUHSC_01714	219	119	120	72	46	11
SAOUHSC_01715	121	67	73	22	9	0
SAOUHSC_01716	90	36	73	30	21	1
SAOUHSC_01717	67	29	40	34	25	1
SAOUHSC_01718	37	22	29	7	11	0
SAOUHSC_01719	28	19	19	10	11	0
SAOUHSC_01720	356	218	205	71	46	11
SAOUHSC_01721	455	271	302	202	186	14
SAOUHSC_01722	127	89	84	50	34	2
SAOUHSC_01723	292	144	176	88	70	6
SAOUHSC_01724	1109	1071	896	820	888	383
SAOUHSC_01727	4	2	0	20	29	0
SAOUHSC_01728	13	12	4	27	44	0
SAOUHSC_01729	1499	1507	971	1125	434	45
SAOUHSC_01730	87	74	59	58	80	4
SAOUHSC_01734	2	0	1	1	1	0
SAOUHSC_01735	246	170	165	52	28	7
SAOUHSC_01736	155	90	101	30	15	2
SAOUHSC_01737	135	81	71	14	7	0
SAOUHSC_01738	30	16	28	13	8	0
SAOUHSC_01739	343	189	207	60	45	7
SAOUHSC_01741	111	54	50	31	44	4
SAOUHSC_01742	642	297	368	135	80	1
SAOUHSC_01743	247	143	140	87	69	12
SAOUHSC_01744	9	7	6	4	4	0
SAOUHSC_01746	80	33	31	13	8	1
SAOUHSC_01747	131	100	65	41	40	5
SAOUHSC_01748	104	81	73	17	13	7
SAOUHSC_01749	53	35	47	12	6	0
SAOUHSC_01750	21	9	11	9	2	0
SAOUHSC_01751	168	112	146	89	60	9
SAOUHSC_01752	39	20	15	15	10	0
SAOUHSC_01753	44	24	22	19	37	0
SAOUHSC_01755	44	42	31	16	36	2
SAOUHSC_01756	34	20	15	9	9	0
SAOUHSC_01757	104	58	80	24	23	0
SAOUHSC_01758	35	11	15	30	18	0
SAOUHSC_01759	70	38	56	14	34	0
SAOUHSC_01760	13	11	14	22	20	1
SAOUHSC_01761	1263	1000	1365	160	81	3
SAOUHSC_01761a	1880	1744	1998	259	116	6
SAOUHSC_01762	1764	1508	1895	215	117	2
SAOUHSC_01763	1	0	3	2	2	0
SAOUHSC_01764	1585	1127	1553	206	76	6
SAOUHSC_01765	1796	1371	1772	193	127	5
SAOUHSC_01766	381	300	213	844	994	52
SAOUHSC_01767	336	196	251	130	114	8
SAOUHSC_01768	66	35	30	13	25	0
SAOUHSC_01769	181	108	111	68	56	14
SAOUHSC_01770	203	102	117	47	38	3
SAOUHSC_01771	92	43	57	26	12	5
SAOUHSC_01772	214	122	145	87	51	7
SAOUHSC_01773	182	127	140	87	80	6
SAOUHSC_01774	467	260	269	149	90	8
SAOUHSC_01775	164	73	117	30	27	2
SAOUHSC_01776	139	57	56	31	21	0
SAOUHSC_01777	165	86	79	41	20	2
SAOUHSC_01778	4	1	6	5	1	0
SAOUHSC_01779	75	37	64	23	12	2
SAOUHSC_01780	62	37	33	6	8	0
SAOUHSC_01781	5013	3457	3671	1791	1115	166
SAOUHSC_01782	53	26	19	14	8	2
SAOUHSC_01783	26	16	21	7	14	0
SAOUHSC_01784	111	71	71	28	31	3
SAOUHSC_01785	159	114	113	47	55	4
SAOUHSC_01786	442	255	302	98	72	11
SAOUHSC_01787	29	14	5	12	13	1
SAOUHSC_01788	238	159	171	52	25	1
SAOUHSC_01789	250	133	119	40	24	0
SAOUHSC_01791	146	76	72	23	6	1
SAOUHSC_01792	403	266	278	85	45	3
SAOUHSC_01793	164	123	140	39	17	2
SAOUHSC_01794	163	159	162	13	15	2
SAOUHSC_01795	861	589	655	140	98	7
SAOUHSC_01796	173	125	112	77	92	11
SAOUHSC_01797	329	183	219	49	37	4
SAOUHSC_01798	98	69	71	8	5	0
SAOUHSC_01799	259	159	134	46	30	3
SAOUHSC_01800	145	80	120	31	19	2
SAOUHSC_01801	286	166	168	185	156	33
SAOUHSC_01802	168	95	79	51	21	1
SAOUHSC_01803	125	85	79	25	40	2
SAOUHSC_01806	116	69	78	72	74	16
SAOUHSC_01807	153	81	80	48	30	2
SAOUHSC_01808	318	170	192	95	75	9
SAOUHSC_01809	545	396	466	377	300	26
SAOUHSC_01810	255	132	149	77	52	10
SAOUHSC_01811	345	168	216	96	78	13
SAOUHSC_01812	106	132	101	168	215	17
SAOUHSC_01813	253	214	170	168	111	19
SAOUHSC_01814	364	328	224	397	427	40
SAOUHSC_01815	402	232	259	569	447	36
SAOUHSC_01816	1079	873	909	864	866	134
SAOUHSC_01817	101	88	68	86	60	10
SAOUHSC_01818	143	198	107	35	17	3
SAOUHSC_01819	116	107	109	21	9	0
SAOUHSC_01820	58	57	44	25	15	0
SAOUHSC_01821	90	60	61	11	8	3
SAOUHSC_01822	117	96	102	22	12	6
SAOUHSC_01823	138	81	97	52	54	5
SAOUHSC_01824	225	189	138	217	153	61
SAOUHSC_01825	223	129	165	99	108	2
SAOUHSC_01826	612	361	408	365	340	120
SAOUHSC_01827	448	252	222	384	412	58
SAOUHSC_01828	236	197	237	57	72	4
SAOUHSC_01829	240	162	177	163	131	28
SAOUHSC_01830	491	269	314	272	208	50
SAOUHSC_01831	306	186	185	250	252	27
SAOUHSC_01832	618	478	478	1367	1451	416
SAOUHSC_01833	104	47	60	42	35	1
SAOUHSC_01834	249	180	147	139	144	19
SAOUHSC_01835	116	65	72	99	96	25
SAOUHSC_01836	171	122	116	81	69	8
SAOUHSC_01837	118	69	71	64	56	3
SAOUHSC_01838	114	75	88	55	91	8
SAOUHSC_01839	179	99	143	126	168	10
SAOUHSC_01840	370	227	260	390	400	18
SAOUHSC_01841	4	3	4	3	3	0
SAOUHSC_01843	173	87	107	33	35	5
SAOUHSC_01844	243	131	134	26	20	1
SAOUHSC_01845	339	264	215	277	196	25
SAOUHSC_01846	421	354	296	322	307	86
SAOUHSC_01847	115	57	70	57	47	5
SAOUHSC_01849	1	1	1	0	0	0
SAOUHSC_01850	88	70	66	45	47	6
SAOUHSC_01851	1	1	2	1	3	0
SAOUHSC_01852	184	111	111	165	108	74
SAOUHSC_01853	58	27	28	35	12	0
SAOUHSC_01854	153	91	106	44	45	2
SAOUHSC_01855	538	330	314	334	305	22
SAOUHSC_01856	76	45	43	44	42	8
SAOUHSC_01857	84	41	74	24	20	0
SAOUHSC_01858	69	38	53	27	20	1
SAOUHSC_01859	303	179	217	84	85	9
SAOUHSC_01860	25	8	28	13	17	2
SAOUHSC_01861	302	244	230	137	97	28
SAOUHSC_01863	110	71	71	116	78	2
SAOUHSC_01864	146	95	106	60	24	0
SAOUHSC_01865	121	63	75	38	19	1
SAOUHSC_01866	371	216	220	78	24	5
SAOUHSC_01867	26	22	18	10	20	1
SAOUHSC_01868	63	44	46	26	28	4
SAOUHSC_01869	336	276	259	260	218	18
SAOUHSC_01870	121	97	76	38	32	3
SAOUHSC_01871	1538	925	1021	751	618	42
SAOUHSC_01872	33	18	25	6	9	0
SAOUHSC_01873	363	203	243	89	52	11
SAOUHSC_01874	203	136	130	29	23	7
SAOUHSC_01875	432	343	247	230	178	46
SAOUHSC_01876	153	127	116	106	78	3
SAOUHSC_01877	31	14	20	16	16	0
SAOUHSC_01878	36	30	22	13	7	1
SAOUHSC_01879	0	0	1	0	0	0
SAOUHSC_01882	906	702	621	800	567	42
SAOUHSC_01883	38	73	38	348	458	16
SAOUHSC_01884	138	108	94	168	217	27
SAOUHSC_01886	96	106	62	21	16	3
SAOUHSC_01887	202	150	130	61	48	1
SAOUHSC_01888	456	311	358	177	165	10
SAOUHSC_01889	87	47	54	31	27	1
SAOUHSC_01890	176	105	107	83	90	3
SAOUHSC_01891	13	10	13	4	4	0
SAOUHSC_01893	35	25	25	15	9	0
SAOUHSC_01894	12	14	9	7	3	0
SAOUHSC_01895	247	153	210	842	1020	57
SAOUHSC_01896	428	302	327	1343	2304	56
SAOUHSC_01897	930	688	895	579	324	19
SAOUHSC_01898	56	55	40	75	90	5
SAOUHSC_01899	137	111	114	76	134	4
SAOUHSC_01900	15	5	8	10	7	0
SAOUHSC_01901	17	15	7	2	5	0
SAOUHSC_01902	4	4	3	0	0	0
SAOUHSC_01903	64	19	24	8	4	0
SAOUHSC_01904	80	36	53	33	41	1
SAOUHSC_01907	215	119	107	52	26	4
SAOUHSC_01908	389	254	214	463	465	86
SAOUHSC_01909	281	408	191	117	54	15
SAOUHSC_01910	303	290	217	309	183	24
SAOUHSC_01911	149	143	113	68	62	0
SAOUHSC_01912	135	99	64	131	110	30
SAOUHSC_01913	492	305	344	574	439	71
SAOUHSC_01914	288	175	172	85	37	12
SAOUHSC_01915	25	13	12	8	13	1
SAOUHSC_01916	74	52	44	37	18	0
SAOUHSC_01917	195	123	109	59	51	7
SAOUHSC_01918	97	68	61	24	15	2
SAOUHSC_01919	40	11	25	7	3	0
SAOUHSC_01920	49	16	25	21	21	4
SAOUHSC_01921	25	18	43	35	40	4
SAOUHSC_01922	28	11	13	11	3	1
SAOUHSC_01923	1	0	0	2	0	0
SAOUHSC_01924	27	22	22	5	7	0
SAOUHSC_01925	82	41	48	9	5	0
SAOUHSC_01926	547	395	414	251	230	1
SAOUHSC_01928	1	1	0	1	0	0
SAOUHSC_01929	107	55	119	75	37	5
SAOUHSC_01930	105	57	100	40	31	1
SAOUHSC_01931	331	221	194	67	72	13
SAOUHSC_01932	1	0	1	0	1	0
SAOUHSC_01933	100	56	42	74	59	2
SAOUHSC_01934	134	81	94	114	93	11
SAOUHSC_01935	130	66	58	15	42	27
SAOUHSC_01936	97	54	60	69	77	13
SAOUHSC_01937	187	104	117	125	91	4
SAOUHSC_01938	172	118	119	88	58	10
SAOUHSC_01939	178	75	99	41	28	2
SAOUHSC_01941	112	85	72	92	57	25
SAOUHSC_01942	9	4	12	6	6	2
SAOUHSC_01944	26	16	20	8	11	3
SAOUHSC_01945	29	15	28	10	12	1
SAOUHSC_01947	231	106	109	33	26	3
SAOUHSC_01948	11	0	3	1	0	2
SAOUHSC_01949	122	45	63	77	60	6
SAOUHSC_01950	232	96	159	173	170	15
SAOUHSC_01951	48	24	27	29	29	0
SAOUHSC_01952	161	114	115	151	171	12
SAOUHSC_01953	236	146	164	113	89	7
SAOUHSC_01954	311	276	275	135	105	15
SAOUHSC_01955	187	130	190	111	158	9
SAOUHSC_01956	6	4	2	4	7	7
SAOUHSC_01957	2	0	0	1	1	0
SAOUHSC_T00050	0	0	0	2	0	0
SAOUHSC_T00019	0	2	1	2	1	1
SAOUHSC_T0009	0	0	0	4	0	2
SAOUHSC_T00022	1	0	0	0	0	0
SAOUHSC_T00026	1	0	0	0	1	0
SAOUHSC_T00042	1	0	0	0	0	0
SAOUHSC_T00012	70	37	42	11	1	2
SAOUHSC_T00038	157	95	117	34	25	4
SAOUHSC_01958	121	67	66	12	8	1
SAOUHSC_01960	121	106	80	31	27	3
SAOUHSC_01961	1	0	2	1	1	1
SAOUHSC_01962	125	110	61	171	119	8
SAOUHSC_01963	313	302	238	477	473	41
SAOUHSC_01964	510	461	369	723	452	83
SAOUHSC_01966	67	24	41	97	101	2
SAOUHSC_01967	63	39	31	44	55	6
SAOUHSC_01968	30	23	21	30	21	0
SAOUHSC_01969	44	37	40	29	15	3
SAOUHSC_01971	112	101	90	29	20	4
SAOUHSC_01972	319	192	224	97	56	4
SAOUHSC_01973	152	96	126	40	30	2
SAOUHSC_01974	24	10	19	3	2	0
SAOUHSC_01975	43	25	26	6	8	0
SAOUHSC_01976	186	80	129	51	53	1
SAOUHSC_01977	37	22	14	15	8	0
SAOUHSC_01978	470	372	319	1349	1716	60
SAOUHSC_01979	1127	1005	694	2223	2148	178
SAOUHSC_01980	100	92	65	83	47	12
SAOUHSC_01981	204	148	133	181	156	19
SAOUHSC_01982	32	16	17	12	15	0
SAOUHSC_01983	416	359	299	635	760	264
SAOUHSC_01984	5	8	3	5	4	1
SAOUHSC_01985	62	26	46	54	41	2
SAOUHSC_01986	41	17	13	19	9	0
SAOUHSC_01987	264	173	184	82	87	17
SAOUHSC_01988	112	80	69	55	45	9
SAOUHSC_01989	203	116	129	75	56	4
SAOUHSC_01990	185	107	114	89	99	8
SAOUHSC_01991	12	2	10	6	6	6
SAOUHSC_01992	1	0	1	0	0	0
SAOUHSC_T00031	1	1	1	0	0	0
SAOUHSC_T00023	2	0	0	2	3	2
SAOUHSC_T00015	0	0	0	0	0	1
SAOUHSC_T00016	1	1	0	7	2	0
SAOUHSC_T00027	0	1	0	0	0	1
SAOUHSC_T00056	13	9	8	6	1	1
SAOUHSC_T00057	2	1	0	1	1	0
SAOUHSC_T00054	0	0	0	0	0	0
SAOUHSC_T00043	0	0	0	0	0	2
SAOUHSC_T00013	7	4	1	4	0	1
SAOUHSC_T00039	5	1	3	1	1	0
SAOUHSC_T00051	2	1	1	2	0	1
SAOUHSC_T00014	2	1	1	1	0	0
SAOUHSC_T00052	13	5	6	2	1	2
SAOUHSC_T00040	4	4	2	0	2	0
SAOUHSC_T00041	4	0	0	1	0	0
SAOUHSC_T0002	6	2	0	0	0	2
SAOUHSC_T00045	2	1	2	1	2	0
SAOUHSC_T0007	0	0	1	1	0	0
SAOUHSC_T00032	0	0	0	0	0	1
SAOUHSC_T00024	1	1	0	1	1	0
SAOUHSC_T00033	11	4	7	2	3	2
SAOUHSC_T00036	1	2	1	0	0	0
SAOUHSC_T00055	0	0	0	0	0	0
SAOUHSC_T00060	38	13	7	39	6	41
SAOUHSC_R00013	3	0	1	2	1	0
SAOUHSC_R0008	4	1	2	0	0	1
SAOUHSC_T0003	8	6	1	4	2	7
SAOUHSC_T00028	61	34	41	24	25	0
SAOUHSC_R0003	318	208	310	45	55	2
SAOUHSC_01997	122	79	166	37	24	1
SAOUHSC_01998	895	694	794	428	473	140
SAOUHSC_01999	120	88	111	141	213	34
SAOUHSC_02000	4	1	2	0	2	0
SAOUHSC_02001	423	289	334	92	57	3
SAOUHSC_02002	138	71	91	52	33	1
SAOUHSC_02003	1088	734	819	188	184	12
SAOUHSC_02004	262	188	188	198	264	31
SAOUHSC_02005	88	61	53	58	51	3
SAOUHSC_02006	588	331	562	266	218	7
SAOUHSC_02008	50	36	73	5	6	0
SAOUHSC_02009	28	16	49	9	7	0
SAOUHSC_02010	146	80	119	40	24	0
SAOUHSC_02011	185	104	153	41	27	2
SAOUHSC_02012	157	144	153	74	93	2
SAOUHSC_02013	0	0	0	0	0	0
SAOUHSC_02014	0	0	0	0	0	0
SAOUHSC_02015	0	0	0	0	0	0
SAOUHSC_02016	0	0	0	0	0	0
SAOUHSC_02017	0	0	0	0	0	0
SAOUHSC_02018	0	0	0	0	0	0
SAOUHSC_02019	0	0	0	0	0	0
SAOUHSC_02020	0	0	0	0	0	0
SAOUHSC_02021	0	0	0	0	0	0
SAOUHSC_02022	0	0	0	0	0	0
SAOUHSC_02023	0	0	0	0	0	0
SAOUHSC_02025	0	0	0	0	0	0
SAOUHSC_02026	0	0	0	0	0	0
SAOUHSC_02027	0	0	0	0	0	0
SAOUHSC_02028	0	0	0	0	0	0
SAOUHSC_02029	0	0	0	0	0	0
SAOUHSC_02030	0	0	0	0	0	0
SAOUHSC_02031	0	0	0	0	0	0
SAOUHSC_02033	0	0	0	0	0	0
SAOUHSC_02034	0	0	0	0	0	0
SAOUHSC_02035	0	0	0	0	0	0
SAOUHSC_02036	0	0	0	0	0	0
SAOUHSC_02037	0	0	0	0	0	0
SAOUHSC_02038	0	0	0	0	0	0
SAOUHSC_02040	0	0	0	0	0	0
SAOUHSC_02041	0	0	0	0	0	0
SAOUHSC_02042	0	0	0	0	0	0
SAOUHSC_02043	0	0	0	0	0	0
SAOUHSC_02044	0	0	0	0	0	0
SAOUHSC_02046	0	0	0	0	0	0
SAOUHSC_02047	0	0	0	0	0	0
SAOUHSC_02048	0	0	0	0	0	0
SAOUHSC_02049	0	0	0	0	0	0
SAOUHSC_02050	0	0	0	0	0	0
SAOUHSC_02051	0	0	0	0	0	0
SAOUHSC_02052	0	0	0	0	0	0
SAOUHSC_02053	0	0	0	0	0	0
SAOUHSC_02054	0	0	0	0	0	0
SAOUHSC_02055	0	0	0	0	0	0
SAOUHSC_02056	0	0	0	0	0	0
SAOUHSC_02057	0	0	0	0	0	0
SAOUHSC_02058	0	0	0	0	0	0
SAOUHSC_02059	0	0	0	0	0	0
SAOUHSC_02060	0	0	0	0	0	0
SAOUHSC_02061	0	0	0	0	0	0
SAOUHSC_02062	0	0	0	0	0	0
SAOUHSC_02063	0	0	0	0	0	0
SAOUHSC_02064	0	0	0	0	0	0
SAOUHSC_02065	0	0	0	0	0	0
SAOUHSC_02066	0	0	0	0	0	0
SAOUHSC_02067	0	0	0	0	0	0
SAOUHSC_02068	0	0	0	0	0	0
SAOUHSC_02069	0	0	0	0	0	0
SAOUHSC_02070	0	0	0	0	0	0
SAOUHSC_02071	0	0	0	0	0	0
SAOUHSC_02072	0	0	0	0	0	0
SAOUHSC_02073	0	0	0	0	0	0
SAOUHSC_02074	0	0	0	0	0	0
SAOUHSC_02076	0	0	0	0	0	0
SAOUHSC_02077	0	0	0	0	0	0
SAOUHSC_02078	0	0	0	0	0	0
SAOUHSC_02079	0	0	0	0	0	0
SAOUHSC_02080	0	0	0	0	0	0
SAOUHSC_02081	0	0	0	0	0	0
SAOUHSC_02083	0	0	0	0	0	0
SAOUHSC_02084	0	0	0	0	0	0
SAOUHSC_02085	0	0	0	0	0	0
SAOUHSC_02086	0	0	0	0	0	0
SAOUHSC_02087	0	0	0	0	0	0
SAOUHSC_02088	320	244	253	356	394	46
SAOUHSC_02089	60	65	54	20	14	4
SAOUHSC_02090	142	101	88	51	36	3
SAOUHSC_02091	14	9	6	2	0	1
SAOUHSC_02092	810	494	713	236	186	9
SAOUHSC_02093	248	136	244	152	103	5
SAOUHSC_02095	889	620	988	108	49	4
SAOUHSC_02096	175	108	162	128	96	1
SAOUHSC_02097	228	167	232	102	67	14
SAOUHSC_02098	50	24	46	26	25	3
SAOUHSC_02099	3	3	7	3	4	0
SAOUHSC_02100	313	215	258	99	96	3
SAOUHSC_02101	151	81	108	60	49	7
SAOUHSC_02102	61	26	52	14	17	3
SAOUHSC_02103	1	2	0	1	0	0
SAOUHSC_02104	87	61	83	21	11	2
SAOUHSC_02105	341	274	259	81	51	2
SAOUHSC_02106	197	104	86	125	108	2
SAOUHSC_02107	1329	1184	1121	329	179	5
SAOUHSC_02108	68	40	44	58	25	4
SAOUHSC_02109	1053	1508	1009	177	130	7
SAOUHSC_02110	326	510	379	63	39	3
SAOUHSC_02111	893	1120	820	197	154	8
SAOUHSC_02112	1010	1184	863	180	155	19
SAOUHSC_02113	7	6	9	1	0	0
SAOUHSC_02114	145	189	102	30	29	1
SAOUHSC_02115	328	314	229	84	62	18
SAOUHSC_02116	77	59	56	15	11	1
SAOUHSC_02117	246	182	191	206	156	65
SAOUHSC_02118	60	32	44	45	30	3
SAOUHSC_02119	201	114	119	20	23	1
SAOUHSC_02121	250	133	121	28	24	4
SAOUHSC_02122	86	50	62	18	8	0
SAOUHSC_02123	47	18	25	16	15	1
SAOUHSC_02124	228	136	161	75	55	3
SAOUHSC_02125	111	67	54	96	133	17
SAOUHSC_02126	6	3	4	3	3	0
SAOUHSC_02127	15	6	6	3	3	0
SAOUHSC_02129	60	29	32	11	17	0
SAOUHSC_02130	132	79	96	140	155	3
SAOUHSC_02131	163	78	101	39	31	5
SAOUHSC_02132	272	194	201	127	117	8
SAOUHSC_02133	110	89	73	48	89	5
SAOUHSC_02134	1021	810	739	465	781	109
SAOUHSC_02135	167	90	125	59	49	4
SAOUHSC_02136	111	64	87	30	50	3
SAOUHSC_02137	175	150	159	94	68	2
SAOUHSC_02138	292	249	239	200	171	20
SAOUHSC_02139	4	3	0	2	4	10
SAOUHSC_02140	370	369	314	278	238	35
SAOUHSC_02141	72	33	41	73	76	5
SAOUHSC_02142	1092	1402	993	990	863	252
SAOUHSC_02143	13	11	6	9	1	0
SAOUHSC_02144	249	180	172	133	169	18
SAOUHSC_02145	142	90	131	212	198	5
SAOUHSC_02146	145	84	131	69	69	2
SAOUHSC_02147	96	71	91	34	33	1
SAOUHSC_02148	281	123	140	89	45	0
SAOUHSC_02149	192	134	127	339	419	24
SAOUHSC_02150	183	114	136	177	193	18
SAOUHSC_02151	214	117	157	231	201	6
SAOUHSC_02152	543	383	379	339	314	17
SAOUHSC_02153	314	212	262	92	72	3
SAOUHSC_02154	174	86	154	39	40	0
SAOUHSC_02155	27	28	11	11	4	0
SAOUHSC_02156	595	407	400	215	160	17
SAOUHSC_02157	9	2	12	6	5	0
SAOUHSC_02158	128	108	97	125	113	10
SAOUHSC_02160	0	0	0	0	0	0
SAOUHSC_02161	0	0	0	0	0	0
SAOUHSC_02164	0	0	0	0	0	0
SAOUHSC_02166	0	0	0	0	0	0
SAOUHSC_02167	0	0	0	0	0	0
SAOUHSC_02169	0	0	0	0	0	0
SAOUHSC_02170	0	0	0	0	0	0
SAOUHSC_02171	0	0	0	0	0	0
SAOUHSC_02173	0	0	0	0	0	0
SAOUHSC_02174	0	0	0	0	0	0
SAOUHSC_02175	0	0	0	0	0	0
SAOUHSC_02176	0	0	0	0	0	0
SAOUHSC_02177	0	0	0	0	0	0
SAOUHSC_02178	0	0	0	0	0	0
SAOUHSC_02179	0	0	0	0	0	0
SAOUHSC_02180	0	0	0	0	0	0
SAOUHSC_02181	0	0	0	0	0	0
SAOUHSC_02182	0	0	0	0	0	0
SAOUHSC_02183	0	0	0	0	0	0
SAOUHSC_02184	0	0	0	0	0	0
SAOUHSC_02185	0	0	0	0	0	0
SAOUHSC_02186	0	0	0	0	0	0
SAOUHSC_02187	0	0	0	0	0	0
SAOUHSC_02188	0	0	0	0	0	0
SAOUHSC_02189	0	0	0	0	0	0
SAOUHSC_02190	0	0	0	0	0	0
SAOUHSC_02191	0	0	0	0	0	0
SAOUHSC_02193	0	0	0	0	0	0
SAOUHSC_02194	0	0	0	0	0	0
SAOUHSC_02195	0	0	0	0	0	0
SAOUHSC_02196	0	0	0	0	0	0
SAOUHSC_02197	0	0	0	0	0	0
SAOUHSC_02198	0	0	0	0	0	0
SAOUHSC_02199	0	0	0	0	0	0
SAOUHSC_02200	0	0	0	0	0	0
SAOUHSC_02202	0	0	0	0	0	0
SAOUHSC_02203	0	0	0	0	0	0
SAOUHSC_02204	0	0	0	0	0	0
SAOUHSC_02205	0	0	0	0	0	0
SAOUHSC_02206	0	0	0	0	0	0
SAOUHSC_02207	0	0	0	0	0	0
SAOUHSC_02208	0	0	0	0	0	0
SAOUHSC_02209	0	0	0	0	0	0
SAOUHSC_02210	0	0	0	0	0	0
SAOUHSC_02211	0	0	0	0	0	0
SAOUHSC_02212	0	0	0	0	0	0
SAOUHSC_02213	0	0	0	0	0	0
SAOUHSC_02214	0	0	0	0	0	0
SAOUHSC_02215	0	0	0	0	0	0
SAOUHSC_02216	0	0	0	0	0	0
SAOUHSC_02217	0	0	0	0	0	0
SAOUHSC_02218	0	0	0	0	0	0
SAOUHSC_02219	0	0	0	0	0	0
SAOUHSC_02220	0	0	0	0	0	0
SAOUHSC_02221	0	0	0	0	0	0
SAOUHSC_02222	0	0	0	0	0	0
SAOUHSC_02223	0	0	0	0	0	0
SAOUHSC_02224	0	0	0	0	0	0
SAOUHSC_02225	0	0	0	0	0	0
SAOUHSC_02226	0	0	0	0	0	0
SAOUHSC_02227	0	0	0	0	0	0
SAOUHSC_02228	0	0	0	0	0	0
SAOUHSC_02232	0	0	0	0	0	0
SAOUHSC_02233	0	0	0	0	0	0
SAOUHSC_02234	0	0	0	0	0	0
SAOUHSC_02235	0	0	0	0	0	0
SAOUHSC_02236	0	0	0	0	0	0
SAOUHSC_02237	0	0	0	0	0	0
SAOUHSC_02238	1449	986	1008	1803	1775	93
SAOUHSC_02239	1305	738	858	443	374	17
SAOUHSC_02241	154	88	94	39	44	5
SAOUHSC_02243	15	10	10	9	5	0
SAOUHSC_02244	18	8	18	3	6	1
SAOUHSC_02245	104	59	78	99	165	16
SAOUHSC_02246	15	10	9	12	6	0
SAOUHSC_02247	44	37	40	42	48	5
SAOUHSC_02248	75	67	54	31	19	2
SAOUHSC_02249	29	24	33	5	7	0
SAOUHSC_02250	374	236	238	108	60	8
SAOUHSC_02251	69	37	37	13	5	0
SAOUHSC_02254	26	9	24	6	5	1
SAOUHSC_02255	268	174	210	212	338	147
SAOUHSC_02256	462	256	516	32	21	5
SAOUHSC_02257	1945	1096	2252	155	99	20
SAOUHSC_02258	293	133	152	10	11	0
SAOUHSC_02259	103	55	112	122	202	15
SAOUHSC_02260	8	4	9	12	26	2
SAOUHSC_02261	232	153	201	372	571	40
SAOUHSC_02262	167	129	116	577	726	23
SAOUHSC_02264	38	16	34	75	113	1
SAOUHSC_02265	368	292	332	102	58	7
SAOUHSC_02266	465	336	367	135	90	8
SAOUHSC_02267	233	169	167	51	39	1
SAOUHSC_02268	175	125	149	145	206	13
SAOUHSC_02269	23	17	16	21	20	1
SAOUHSC_02270	94	50	54	32	12	3
SAOUHSC_02271	125	86	82	70	68	5
SAOUHSC_02272	451	262	249	229	204	10
SAOUHSC_02273	8	7	3	11	9	0
SAOUHSC_02274	485	300	321	210	244	13
SAOUHSC_02275	112	81	72	40	34	4
SAOUHSC_02276	43	28	37	8	3	0
SAOUHSC_02277	91	50	58	16	5	1
SAOUHSC_02278	56	37	30	15	4	1
SAOUHSC_02279	0	1	2	0	0	0
SAOUHSC_02280	962	667	555	326	212	63
SAOUHSC_A02169	681	518	447	290	224	27
SAOUHSC_02281	54	21	35	13	3	0
SAOUHSC_02282	332	218	229	71	34	4
SAOUHSC_02283	638	460	407	217	154	9
SAOUHSC_02284	516	360	368	199	192	17
SAOUHSC_02285	584	479	486	162	124	31
SAOUHSC_02286	175	136	151	32	41	4
SAOUHSC_02287	197	163	153	112	79	8
SAOUHSC_02288	0	0	1	0	0	0
SAOUHSC_02289	27	16	6	33	21	44
SAOUHSC_R00014	16	2	3	3	4	8
SAOUHSC_R0009	0	1	1	0	0	0
SAOUHSC_R0004	0	0	0	0	0	0
SAOUHSC_T00025	0	1	0	0	0	0
SAOUHSC_T00034	37	23	37	13	5	0
SAOUHSC_02294	246	156	187	45	36	2
SAOUHSC_02296	160	95	105	44	27	1
SAOUHSC_02297	38	19	23	12	7	0
SAOUHSC_02298	36	40	40	21	4	0
SAOUHSC_02299	1017	647	726	2198	1836	355
SAOUHSC_02300	27	20	18	38	22	0
SAOUHSC_A02189	43	19	29	10	5	1
SAOUHSC_02303	190	131	142	34	37	3
SAOUHSC_02304	80	59	69	14	2	0
SAOUHSC_02305	70	44	43	6	7	1
SAOUHSC_02306	375	249	320	82	62	11
SAOUHSC_02307	166	104	147	61	97	5
SAOUHSC_02308	421	325	418	361	340	105
SAOUHSC_02309	856	659	792	249	213	11
SAOUHSC_02310	373	252	311	69	40	1
SAOUHSC_02311	40	23	32	8	4	0
SAOUHSC_02312	827	608	680	499	382	32
SAOUHSC_02313	80	67	55	9	13	1
SAOUHSC_02314	172	127	108	73	96	18
SAOUHSC_02315	184	110	121	33	35	2
SAOUHSC_02316	106	60	67	17	20	0
SAOUHSC_02317	756	860	666	326	354	44
SAOUHSC_02318	29	29	22	23	20	2
SAOUHSC_02319	12	6	11	3	4	0
SAOUHSC_02320	34	32	34	14	6	0
SAOUHSC_02321	369	218	255	113	67	8
SAOUHSC_02322	147	98	76	17	19	0
SAOUHSC_02323	429	450	365	728	829	217
SAOUHSC_02324	315	306	227	463	266	294
SAOUHSC_02325	91	39	75	40	50	8
SAOUHSC_02326	96	56	64	21	22	6
SAOUHSC_02327	129	76	78	22	12	0
SAOUHSC_02328	101	54	62	30	30	0
SAOUHSC_02329	67	42	24	17	11	1
SAOUHSC_02330	36	16	10	4	3	1
SAOUHSC_02331	216	135	145	188	168	12
SAOUHSC_02332	124	65	84	44	30	1
SAOUHSC_02333	103	134	110	68	128	42
SAOUHSC_02334	78	33	31	192	218	17
SAOUHSC_02335	236	125	122	194	210	15
SAOUHSC_02336	1	0	2	1	2	0
SAOUHSC_02337	1	0	0	2	0	0
SAOUHSC_02338	29	27	17	17	10	1
SAOUHSC_02339	197	109	104	67	48	14
SAOUHSC_02340	111	82	63	51	29	2
SAOUHSC_02341	328	177	176	108	66	4
SAOUHSC_02343	89	49	71	39	33	1
SAOUHSC_02345	94	58	58	25	17	6
SAOUHSC_02346	81	41	38	14	18	0
SAOUHSC_02347	158	83	78	69	69	10
SAOUHSC_02349	102	61	61	105	73	6
SAOUHSC_02350	446	270	283	322	259	16
SAOUHSC_02351	218	156	137	76	63	2
SAOUHSC_02352	251	138	159	71	50	3
SAOUHSC_02353	84	39	37	17	12	3
SAOUHSC_02354	44	31	23	76	32	1
SAOUHSC_02355	223	148	145	89	69	10
SAOUHSC_02356	178	92	105	31	13	3
SAOUHSC_02357	137	70	99	21	18	3
SAOUHSC_02358	113	72	75	18	7	0
SAOUHSC_02359	74	32	26	11	10	4
SAOUHSC_02360	443	237	257	141	97	14
SAOUHSC_02361	144	77	84	52	23	2
SAOUHSC_02362	58	27	32	11	9	0
SAOUHSC_02363	258	153	133	78	42	2
SAOUHSC_02364	228	160	129	156	158	25
SAOUHSC_02365	12	19	25	6	22	0
SAOUHSC_02366	134	97	100	63	54	9
SAOUHSC_02367	52	44	47	15	6	0
SAOUHSC_02368	233	128	177	108	164	7
SAOUHSC_02369	282	292	156	285	272	63
SAOUHSC_02370	52	46	41	15	23	0
SAOUHSC_02371	139	77	68	64	61	4
SAOUHSC_02372	326	220	218	175	155	24
SAOUHSC_02373	255	324	211	22	27	1
SAOUHSC_02374	41	24	25	22	13	0
SAOUHSC_02375	152	109	92	32	17	4
SAOUHSC_02376	4131	3413	3659	786	1744	96
SAOUHSC_02377	94	44	47	12	8	3
SAOUHSC_02378	14889	12612	11024	337	213	10
SAOUHSC_02379	253	163	105	82	92	20
SAOUHSC_02380	1077	728	953	59	45	4
SAOUHSC_02381	824	727	943	111	67	6
SAOUHSC_02382	90	101	73	5	7	0
SAOUHSC_02383	251	224	221	37	19	1
SAOUHSC_02384	31	28	41	3	3	0
SAOUHSC_02385	250	242	212	37	35	1
SAOUHSC_02386	55	49	42	38	51	5
SAOUHSC_02387	173	133	116	193	233	40
SAOUHSC_02388	203	117	123	118	117	12
SAOUHSC_02389	573	493	411	150	47	45
SAOUHSC_02390	120	130	164	20	7	1
SAOUHSC_02391	6	2	4	25	27	12
SAOUHSC_02393	220	261	171	86	55	4
SAOUHSC_02394	269	379	221	27	26	1
SAOUHSC_02396	552	723	461	102	75	6
SAOUHSC_02397	365	228	259	186	217	72
SAOUHSC_02399	440	274	271	177	99	18
SAOUHSC_02400	84	45	41	38	23	3
SAOUHSC_02401	81	60	62	71	74	3
SAOUHSC_02402	1193	708	677	622	419	55
SAOUHSC_02403	178	87	112	43	24	5
SAOUHSC_02404	57	30	42	24	7	1
SAOUHSC_02405	109	46	47	29	18	2
SAOUHSC_02406	214	142	130	59	46	4
SAOUHSC_02407	1745	1714	992	1146	370	1890
SAOUHSC_02409	30	27	11	13	38	3
SAOUHSC_02411	0	0	0	0	0	0
SAOUHSC_T00037	0	0	0	0	0	0
SAOUHSC_02412	0	0	0	0	1	1
SAOUHSC_T00017	1	0	0	1	0	0
SAOUHSC_T00058	0	0	0	0	0	0
SAOUHSC_T00061	1	0	0	0	0	1
SAOUHSC_T00020	0	0	0	0	0	0
SAOUHSC_T00010	36	14	2	36	11	44
SAOUHSC_R00015	7	1	0	2	1	0
SAOUHSC_R00010	12	8	0	8	5	8
SAOUHSC_T00029	2	0	1	0	0	0
SAOUHSC_R0005	208	142	179	45	38	5
SAOUHSC_02416	91	52	88	47	62	1
SAOUHSC_02418	240	138	192	124	117	12
SAOUHSC_02419	157	94	138	47	34	4
SAOUHSC_02420	343	243	297	45	52	2
SAOUHSC_02422	313	211	236	100	134	14
SAOUHSC_02423	45	33	44	20	19	0
SAOUHSC_02424	687	1126	544	402	319	29
SAOUHSC_02425	134	195	114	27	22	1
SAOUHSC_02426	689	626	610	148	193	21
SAOUHSC_02427	87	79	58	38	26	3
SAOUHSC_02428	13	7	14	8	24	1
SAOUHSC_02430	206	213	195	72	45	2
SAOUHSC_02432	447	358	394	141	166	16
SAOUHSC_02433	231	165	188	122	104	7
SAOUHSC_02434	360	226	227	308	254	26
SAOUHSC_02435	101	85	54	303	441	25
SAOUHSC_02436	26	30	13	163	73	22
SAOUHSC_02441	69	25	16	83	98	5
SAOUHSC_02442	181	103	107	63	51	7
SAOUHSC_02443	125	98	113	31	47	9
SAOUHSC_02444	158	119	118	33	31	3
SAOUHSC_02445	199	135	159	59	42	2
SAOUHSC_02447	301	226	204	196	178	20
SAOUHSC_02448	668	471	426	314	273	105
SAOUHSC_02449	44	25	19	11	4	0
SAOUHSC_02450	131	50	63	24	14	2
SAOUHSC_02451	135	90	66	41	48	1
SAOUHSC_02452	54	41	38	21	19	1
SAOUHSC_02453	81	47	60	24	15	1
SAOUHSC_02454	183	116	107	42	36	4
SAOUHSC_02455	106	84	55	183	292	65
SAOUHSC_02456	219	115	157	237	626	21
SAOUHSC_02457	3	0	4	0	3	2
SAOUHSC_A02331	5	1	3	0	0	0
SAOUHSC_02458	106	73	75	65	74	11
SAOUHSC_02459	41	22	21	9	7	1
SAOUHSC_02460	19	13	19	5	5	1
SAOUHSC_02461	350	207	214	189	140	17
SAOUHSC_02462	61	63	57	124	84	8
SAOUHSC_02463	90	55	58	69	52	2
SAOUHSC_02464	100	55	55	4	10	2
SAOUHSC_02465	261	149	166	117	134	15
SAOUHSC_02467	47	29	28	112	165	24
SAOUHSC_02468	26	9	21	9	16	1
SAOUHSC_02469	7	5	7	2	11	2
SAOUHSC_02470	34	12	22	26	38	4
SAOUHSC_02471	0	0	0	0	0	0
SAOUHSC_02472	33	25	33	12	5	1
SAOUHSC_02473	14	7	13	3	2	0
SAOUHSC_02474	53	37	59	23	11	0
SAOUHSC_02475	51	34	12	20	16	5
SAOUHSC_02476	54	39	22	17	19	1
SAOUHSC_02477	82	54	57	20	14	2
SAOUHSC_02478	96	45	53	19	18	5
SAOUHSC_02480	96	64	59	63	52	2
SAOUHSC_02481	197	113	116	74	51	5
SAOUHSC_02482	45	25	25	16	10	1
SAOUHSC_02483	136	86	87	44	26	5
SAOUHSC_02484	76	39	27	23	15	1
SAOUHSC_02485	92	45	32	36	32	6
SAOUHSC_02486	14	14	8	8	12	0
SAOUHSC_02487	59	32	23	20	11	1
SAOUHSC_02488	155	81	78	60	55	7
SAOUHSC_02489	278	133	104	135	90	13
SAOUHSC_02490	92	57	50	46	36	10
SAOUHSC_02491	56	26	31	18	15	0
SAOUHSC_02492	163	74	66	52	44	15
SAOUHSC_02493	58	46	35	31	25	2
SAOUHSC_02494	89	53	43	20	16	0
SAOUHSC_02495	83	53	39	32	30	0
SAOUHSC_02496	58	26	30	24	22	0
SAOUHSC_02498	83	37	39	17	22	1
SAOUHSC_02499	73	33	38	50	53	0
SAOUHSC_02500	32	28	16	16	11	3
SAOUHSC_02501	16	13	6	12	11	1
SAOUHSC_02502	22	12	6	11	5	0
SAOUHSC_02503	71	40	31	18	20	1
SAOUHSC_02504	120	65	48	39	23	3
SAOUHSC_02505	49	29	17	18	17	3
SAOUHSC_02506	67	46	27	25	27	3
SAOUHSC_02507	180	101	70	67	46	12
SAOUHSC_02508	46	22	20	9	12	0
SAOUHSC_02509	100	47	50	38	23	14
SAOUHSC_02510	118	71	62	33	28	6
SAOUHSC_02511	79	35	37	27	25	4
SAOUHSC_02512	148	91	126	26	34	1
SAOUHSC_02512a	204	136	122	63	48	8
SAOUHSC_02515	384	200	321	118	76	10
SAOUHSC_02516	1	0	5	2	0	0
SAOUHSC_02517	236	143	185	135	164	17
SAOUHSC_02518	210	119	137	40	69	22
SAOUHSC_02519	594	409	363	979	1790	272
SAOUHSC_02520	502	385	464	235	482	53
SAOUHSC_02521	76	43	49	48	32	1
SAOUHSC_02522	72	63	77	63	138	5
SAOUHSC_02523	440	331	318	185	162	21
SAOUHSC_02524	129	76	104	30	11	2
SAOUHSC_02525	385	329	336	530	923	78
SAOUHSC_02527	280	154	181	704	848	48
SAOUHSC_02528	105	64	72	37	11	1
SAOUHSC_02529	288	196	177	60	63	7
SAOUHSC_02530	17	3	20	3	0	1
SAOUHSC_02531	308	171	247	162	138	95
SAOUHSC_02532	12	2	2	2	0	0
SAOUHSC_02533	11	7	5	2	0	1
SAOUHSC_02534	104	62	70	27	15	2
SAOUHSC_02535	50	39	32	10	9	0
SAOUHSC_02536	62	30	41	9	4	0
SAOUHSC_02537	53	34	46	10	4	0
SAOUHSC_02538	44	32	36	6	6	0
SAOUHSC_02540	221	157	129	38	27	3
SAOUHSC_02541	716	479	400	506	436	54
SAOUHSC_02542	212	180	157	173	164	48
SAOUHSC_02543	193	167	137	45	49	7
SAOUHSC_02544	91	70	57	37	31	7
SAOUHSC_02545	211	152	138	93	99	11
SAOUHSC_02546	162	101	131	62	62	2
SAOUHSC_02547	98	75	60	41	41	3
SAOUHSC_02549	76	48	39	9	8	0
SAOUHSC_02550	76	50	48	31	39	10
SAOUHSC_02551	159	95	109	52	61	6
SAOUHSC_02552	126	75	82	60	49	4
SAOUHSC_02553	129	75	68	30	33	3
SAOUHSC_02554	150	99	112	28	13	1
SAOUHSC_02557	170	118	122	22	15	0
SAOUHSC_02558	460	361	354	170	142	26
SAOUHSC_02559	115	75	89	61	64	2
SAOUHSC_02561	122	138	115	53	42	3
SAOUHSC_02562	127	136	103	98	109	3
SAOUHSC_02563	184	143	151	81	93	4
SAOUHSC_02564	16	7	13	12	12	1
SAOUHSC_02565	17	4	10	14	2	0
SAOUHSC_02566	15	12	19	12	2	1
SAOUHSC_02568	517	323	516	366	252	24
SAOUHSC_02569	2101	2262	1189	11527	12003	3479
SAOUHSC_02570	216	234	230	66	24	15
SAOUHSC_02571	252	237	247	45	40	2
SAOUHSC_02572	263	169	204	66	28	1
SAOUHSC_02573	101	51	73	84	111	3
SAOUHSC_02574	83	45	39	63	69	4
SAOUHSC_02575	145	100	111	90	94	8
SAOUHSC_02576	108	71	86	27	31	1
SAOUHSC_02577	56	42	40	17	12	1
SAOUHSC_02579	10	14	20	0	2	0
SAOUHSC_02580	31	24	30	15	21	0
SAOUHSC_A02450	561	336	326	186	127	17
SAOUHSC_02581	100	53	54	63	68	5
SAOUHSC_02582	263	188	212	131	162	9
SAOUHSC_02583	127	78	148	62	71	6
SAOUHSC_02584	78	43	40	20	28	1
SAOUHSC_02585	17	3	14	12	35	4
SAOUHSC_02587	81	51	69	71	93	6
SAOUHSC_02588	412	337	337	175	231	22
SAOUHSC_02589	171	126	95	347	608	55
SAOUHSC_02590	25	33	18	102	161	4
SAOUHSC_02591	25	20	20	40	36	5
SAOUHSC_02592	63	42	45	48	35	6
SAOUHSC_02593	173	96	152	91	104	22
SAOUHSC_02594	24	13	24	47	81	1
SAOUHSC_02595	216	166	132	217	306	13
SAOUHSC_02596	54	29	32	38	27	1
SAOUHSC_02597	51	39	45	25	11	0
SAOUHSC_02599	54	32	58	21	13	0
SAOUHSC_02600	213	134	126	64	42	5
SAOUHSC_02603	266	147	153	63	51	11
SAOUHSC_02604	162	93	83	73	53	2
SAOUHSC_02605	313	196	189	55	34	16
SAOUHSC_02606	487	357	395	114	95	6
SAOUHSC_02607	154	94	158	81	80	9
SAOUHSC_02608	239	132	148	94	101	10
SAOUHSC_02609	108	68	48	49	44	5
SAOUHSC_02610	61	39	48	35	33	3
SAOUHSC_02611	372	247	192	755	762	43
SAOUHSC_02612	87	53	48	129	103	12
SAOUHSC_02613	45	33	23	11	8	1
SAOUHSC_02614	7	1	5	0	1	0
SAOUHSC_02615	107	48	60	28	21	0
SAOUHSC_02616	142	80	80	31	22	2
SAOUHSC_02618	63	38	48	14	14	1
SAOUHSC_02619	237	187	159	97	74	17
SAOUHSC_02620	236	150	166	142	143	28
SAOUHSC_02621	288	195	206	145	130	18
SAOUHSC_02622	262	186	234	110	106	3
SAOUHSC_02623	130	89	81	158	149	11
SAOUHSC_02624	75	60	49	131	116	5
SAOUHSC_02625	388	340	262	419	301	43
SAOUHSC_02626	49	37	37	26	40	1
SAOUHSC_02627	362	225	252	154	118	13
SAOUHSC_02628	79	73	67	29	15	2
SAOUHSC_02629	16	13	14	13	15	1
SAOUHSC_02630	7	5	10	5	7	1
SAOUHSC_02631	133	80	84	88	78	2
SAOUHSC_02634	11355	9362	9384	5936	8990	1083
SAOUHSC_02635	55	35	33	43	54	0
SAOUHSC_02638	142	75	105	49	52	0
SAOUHSC_02640	110	84	79	46	49	4
SAOUHSC_02641	464	305	289	176	127	9
SAOUHSC_02643	62	50	40	57	29	4
SAOUHSC_02644	197	155	106	85	85	17
SAOUHSC_02645	557	870	397	1963	553	104
SAOUHSC_02646	473	557	302	443	286	35
SAOUHSC_02647	1011	808	871	956	913	67
SAOUHSC_02648	48	31	46	47	68	4
SAOUHSC_02649	68	29	72	19	13	0
SAOUHSC_02650	250	190	141	91	78	32
SAOUHSC_02651	40	8	15	23	23	3
SAOUHSC_02652	141	95	72	55	50	4
SAOUHSC_02653	7	2	2	1	0	0
SAOUHSC_02654	30	23	16	23	11	1
SAOUHSC_02655	12	11	14	8	9	1
SAOUHSC_02656	144	93	94	34	65	1
SAOUHSC_02657	186	198	175	73	56	1
SAOUHSC_02658	261	296	229	41	36	6
SAOUHSC_02659	178	133	120	83	73	15
SAOUHSC_02660	25	20	20	7	7	0
SAOUHSC_02661	910	773	855	1412	135	75
SAOUHSC_02662	433	290	395	209	296	22
SAOUHSC_02663	50	25	24	16	25	0
SAOUHSC_02664	2	4	5	5	3	0
SAOUHSC_02665	103	68	44	32	29	5
SAOUHSC_02666	17	5	13	11	7	0
SAOUHSC_02667	15	10	12	17	16	2
SAOUHSC_02668	34	26	28	33	54	0
SAOUHSC_02669	360	348	306	189	268	64
SAOUHSC_02670	52	28	39	21	20	1
SAOUHSC_02671	88	46	59	30	49	4
SAOUHSC_02674	139	83	99	36	19	0
SAOUHSC_02675	70	53	52	13	12	1
SAOUHSC_02676	106	85	68	12	14	3
SAOUHSC_02677	53	39	39	10	8	1
SAOUHSC_02678	276	185	167	75	57	11
SAOUHSC_02679	634	385	360	170	187	35
SAOUHSC_02680	132	79	91	21	31	6
SAOUHSC_02681	51	24	42	8	3	0
SAOUHSC_02682	518	305	302	64	31	2
SAOUHSC_02683	282	103	164	57	54	2
SAOUHSC_02684	86	46	60	23	22	3
SAOUHSC_02685	185	99	118	76	95	10
SAOUHSC_02686	3	5	5	2	5	0
SAOUHSC_02687	60	32	41	20	14	1
SAOUHSC_02688	181	99	100	47	35	4
SAOUHSC_02689	27	17	16	11	24	1
SAOUHSC_02690	44	26	28	16	12	1
SAOUHSC_02691	17	13	10	7	4	0
SAOUHSC_02692	51	29	37	4	4	1
SAOUHSC_02693	30	18	27	8	11	0
SAOUHSC_02694	269	193	189	42	36	5
SAOUHSC_02695	83	56	55	14	6	1
SAOUHSC_02696	82	55	55	30	42	5
SAOUHSC_02697	78	55	54	23	16	1
SAOUHSC_02698	184	106	132	35	47	4
SAOUHSC_02699	10	11	14	2	5	0
SAOUHSC_02700	25	22	23	35	48	5
SAOUHSC_02701	415	268	267	17	20	0
SAOUHSC_02702	334	220	292	22	36	1
SAOUHSC_02703	8	7	13	3	1	0
SAOUHSC_02704	183	95	134	241	222	14
SAOUHSC_02705	184	118	109	69	93	18
SAOUHSC_02706	248	166	146	111	120	22
SAOUHSC_02708	107	69	61	46	35	4
SAOUHSC_02709	155	126	95	116	152	3
SAOUHSC_02710	243	191	160	169	166	9
SAOUHSC_02711	263	205	218	104	122	4
SAOUHSC_02712	214	148	128	33	23	4
SAOUHSC_02713	263	153	154	44	33	3
SAOUHSC_02714	88	50	47	9	7	1
SAOUHSC_02715	11	7	12	1	2	0
SAOUHSC_02716	4	2	2	4	0	0
SAOUHSC_A02577	116	54	110	37	27	1
SAOUHSC_02717	166	95	119	39	20	4
SAOUHSC_02718	0	0	5	1	0	0
SAOUHSC_02719	48	42	39	11	5	0
SAOUHSC_02720	59	25	51	10	15	0
SAOUHSC_02721	1145	847	902	595	581	115
SAOUHSC_02722	224	169	158	227	289	15
SAOUHSC_02723	198	174	166	171	241	80
SAOUHSC_02724	29	23	27	10	12	0
SAOUHSC_02725	90	87	92	151	215	37
SAOUHSC_02726	180	187	101	171	198	31
SAOUHSC_02727	498	380	326	518	692	256
SAOUHSC_02728	348	257	226	231	287	34
SAOUHSC_02729	1	1	0	1	0	0
SAOUHSC_02731	308	164	209	153	182	26
SAOUHSC_02732	2	4	3	0	0	0
SAOUHSC_02733	134	93	97	164	139	8
SAOUHSC_02734	103	59	80	34	27	0
SAOUHSC_02736	76	55	46	10	7	0
SAOUHSC_02737	238	133	144	117	208	15
SAOUHSC_02739	125	69	69	73	121	20
SAOUHSC_02740	168	96	103	63	40	1
SAOUHSC_02741	51	25	25	18	15	0
SAOUHSC_02742	307	147	146	53	39	10
SAOUHSC_02743	20	17	7	5	7	1
SAOUHSC_02744	66	34	44	12	11	3
SAOUHSC_02745	100	68	73	21	17	1
SAOUHSC_02746	2172	1656	1797	740	657	244
SAOUHSC_02747	808	553	640	122	128	14
SAOUHSC_02750	630	660	543	821	580	185
SAOUHSC_02751	186	124	121	78	68	13
SAOUHSC_02752	111	111	69	31	23	6
SAOUHSC_02753	248	184	181	45	44	7
SAOUHSC_02754	35	22	38	61	60	6
SAOUHSC_02755	23	13	14	22	26	2
SAOUHSC_02756	30	17	28	10	27	1
SAOUHSC_02757	229	198	190	127	93	20
SAOUHSC_02759	78	50	51	65	105	4
SAOUHSC_02760	157	115	112	99	83	8
SAOUHSC_02761	99	71	78	31	36	1
SAOUHSC_02762	168	117	91	51	52	8
SAOUHSC_02763	178	133	126	45	46	7
SAOUHSC_02764	189	118	103	84	85	4
SAOUHSC_02765	289	202	235	62	59	4
SAOUHSC_02766	189	108	108	34	10	0
SAOUHSC_02767	195	109	113	40	35	4
SAOUHSC_02768	239	123	138	54	54	10
SAOUHSC_02769	5	6	4	2	0	0
SAOUHSC_02770	57	54	30	10	11	1
SAOUHSC_02771	490	458	323	1207	1086	366
SAOUHSC_02772	70	43	75	298	655	34
SAOUHSC_02773	16	13	23	70	103	3
SAOUHSC_02774	23	15	15	35	76	1
SAOUHSC_02775	13	5	11	24	33	4
SAOUHSC_02776	146	72	85	70	70	4
SAOUHSC_02777	36	21	18	69	101	24
SAOUHSC_02778	611	382	332	1888	2868	3126
SAOUHSC_02779	221	183	130	104	57	21
SAOUHSC_02780	232	177	159	184	287	25
SAOUHSC_02781	170	121	129	109	104	3
SAOUHSC_02782	52	28	36	31	42	2
SAOUHSC_02783	14	10	14	5	0	1
SAOUHSC_02784	209	119	171	135	128	15
SAOUHSC_02785	61	25	27	22	12	2
SAOUHSC_02788	138	63	114	28	30	0
SAOUHSC_02789	31	16	27	9	11	2
SAOUHSC_02790	400	201	258	158	172	22
SAOUHSC_02791	63	44	48	19	22	3
SAOUHSC_02793	9	4	3	3	2	0
SAOUHSC_02794	5	0	1	5	3	0
SAOUHSC_02795	209	118	156	84	112	5
SAOUHSC_02796	432	281	295	48	32	2
SAOUHSC_02797	4	1	0	0	0	0
SAOUHSC_02798	6	1	8	2	5	1
SAOUHSC_02799	44	19	24	11	3	0
SAOUHSC_02800	328	285	170	184	109	28
SAOUHSC_02801	439	306	289	227	167	81
SAOUHSC_02802	11	5	4	2	1	0
SAOUHSC_02803	9	6	7	2	1	0
SAOUHSC_02804	245	148	167	65	39	10
SAOUHSC_02805	351	194	207	62	32	15
SAOUHSC_02806	118	67	86	19	7	0
SAOUHSC_02808	253	254	190	190	168	19
SAOUHSC_02809	109	62	69	52	46	2
SAOUHSC_02810	68	43	40	36	26	6
SAOUHSC_02811	257	170	177	44	47	2
SAOUHSC_02812	66	29	39	13	18	2
SAOUHSC_02815	315	217	222	667	967	37
SAOUHSC_02816	84	75	57	52	76	3
SAOUHSC_02817	6	5	7	1	2	0
SAOUHSC_02818	179	111	129	125	154	12
SAOUHSC_02819	148	75	99	127	232	18
SAOUHSC_02820	352	202	216	211	209	60
SAOUHSC_02821	229	141	121	71	101	5
SAOUHSC_02822	90	95	69	105	91	10
SAOUHSC_02823	121	80	68	19	17	2
SAOUHSC_02824	62	47	46	14	18	2
SAOUHSC_02825	35	25	17	21	27	1
SAOUHSC_02826	92	62	65	41	24	2
SAOUHSC_02827	99	93	72	25	22	1
SAOUHSC_02828	81	47	49	58	41	1
SAOUHSC_02829	45	45	49	12	14	1
SAOUHSC_02830	18	11	26	14	38	4
SAOUHSC_02831	125	75	69	102	166	8
SAOUHSC_02832	63	27	42	13	9	0
SAOUHSC_02833	576	401	385	1122	1432	180
SAOUHSC_02834	199	120	166	116	128	6
SAOUHSC_02836	93	46	58	38	30	5
SAOUHSC_02837	68	29	34	12	8	1
SAOUHSC_02838	36	19	20	6	9	0
SAOUHSC_02839	143	85	68	29	15	2
SAOUHSC_02840	56	32	29	32	30	0
SAOUHSC_02841	119	102	75	205	332	89
SAOUHSC_02842	83	48	58	28	24	2
SAOUHSC_02843	64	27	35	20	22	9
SAOUHSC_02844	154	87	113	35	39	6
SAOUHSC_02845	308	159	152	100	95	8
SAOUHSC_02846	186	105	119	91	84	5
SAOUHSC_02848	149	98	104	30	38	5
SAOUHSC_02849	97	50	41	38	32	0
SAOUHSC_02850	378	211	252	131	116	6
SAOUHSC_02851	88	66	38	256	148	59
SAOUHSC_02852	44	45	24	193	188	10
SAOUHSC_02853	3	0	0	3	2	0
SAOUHSC_02855	2	0	0	2	7	9
SAOUHSC_02856	15	10	12	53	71	6
SAOUHSC_02857	210	136	112	83	50	15
SAOUHSC_02858	459	392	294	522	584	43
SAOUHSC_02859	221	195	127	248	243	66
SAOUHSC_02860	829	604	540	287	264	32
SAOUHSC_02861	16	19	14	48	51	17
SAOUHSC_02862	244	164	186	158	261	93
SAOUHSC_02863	55	29	25	12	5	1
SAOUHSC_02864	939	557	614	336	313	18
SAOUHSC_02865	50	48	37	40	44	4
SAOUHSC_02866	83	71	99	39	43	0
SAOUHSC_02867	712	701	535	148	100	17
SAOUHSC_02868	156	142	108	47	38	17
SAOUHSC_02869	85	42	22	34	23	0
SAOUHSC_02871	624	387	349	390	347	51
SAOUHSC_02872	115	95	72	137	230	22
SAOUHSC_02873	207	190	175	66	55	3
SAOUHSC_02874	126	87	114	24	16	3
SAOUHSC_02875	107	78	76	30	29	6
SAOUHSC_02876	88	38	53	54	32	2
SAOUHSC_02877	205	116	129	68	48	12
SAOUHSC_02879	196	111	115	137	113	23
SAOUHSC_02880	18	11	21	21	10	1
SAOUHSC_02881	58	53	47	39	32	7
SAOUHSC_02882	312	187	229	212	254	22
SAOUHSC_02883	16	6	11	14	10	3
SAOUHSC_02885	178	125	111	77	65	14
SAOUHSC_02886	316	202	259	130	109	16
SAOUHSC_02887	16	6	6	5	1	0
SAOUHSC_02888	4	4	4	6	3	3
SAOUHSC_02889	118	65	75	90	111	7
SAOUHSC_02890	216	121	142	117	105	10
SAOUHSC_02891	79	65	41	35	26	12
SAOUHSC_02892	26	17	23	11	27	2
SAOUHSC_02893	71	33	35	12	10	1
SAOUHSC_02894	36	26	22	3	1	0
SAOUHSC_02895	149	94	102	28	14	3
SAOUHSC_02896	273	152	170	60	43	3
SAOUHSC_02897	384	211	259	104	85	22
SAOUHSC_02898	531	263	317	146	184	98
SAOUHSC_02899	124	107	81	173	130	23
SAOUHSC_02900	418	240	266	266	210	37
SAOUHSC_02901	14	10	14	2	4	0
SAOUHSC_02904	75	40	41	12	8	1
SAOUHSC_02905	51	35	48	14	10	0
SAOUHSC_02906	300	182	199	80	75	19
SAOUHSC_02907	150	93	92	110	103	12
SAOUHSC_02908	11	6	6	16	13	0
SAOUHSC_02909	164	119	125	58	39	3
SAOUHSC_02910	97	64	60	114	143	21
SAOUHSC_02911	80	77	66	58	39	1
SAOUHSC_02912	24	23	23	16	6	0
SAOUHSC_02913	218	196	179	56	43	7
SAOUHSC_02914	16	21	15	11	9	1
SAOUHSC_02915	50	27	41	14	20	1
SAOUHSC_02916	140	66	75	30	15	3
SAOUHSC_02918	287	193	189	175	184	44
SAOUHSC_02919	85	60	50	82	79	13
SAOUHSC_02920	134	83	68	39	36	11
SAOUHSC_02921	200	125	118	126	222	40
SAOUHSC_02922	134	93	92	106	97	12
SAOUHSC_02923	74	40	37	43	84	5
SAOUHSC_02924	69	33	57	60	61	7
SAOUHSC_02925	239	190	152	239	210	32
SAOUHSC_02926	55	40	52	53	97	13
SAOUHSC_02927	157	85	100	50	43	5
SAOUHSC_02928	24	17	16	13	13	2
SAOUHSC_02929	8	1	1	1	3	0
SAOUHSC_02930	231	113	126	44	23	6
SAOUHSC_02931	216	115	135	32	19	3
SAOUHSC_02932	4	0	1	2	0	1
SAOUHSC_02933	146	128	104	104	102	3
SAOUHSC_02934	32	19	28	13	9	0
SAOUHSC_02935	401	269	276	110	93	31
SAOUHSC_02936	4	0	5	6	11	2
SAOUHSC_02937	0	1	3	1	1	0
SAOUHSC_02939	50	15	18	12	11	1
SAOUHSC_02940	216	99	138	49	30	6
SAOUHSC_02941	190	122	124	124	100	20
SAOUHSC_02942	7	3	3	0	1	0
SAOUHSC_02943	92	56	59	33	48	6
SAOUHSC_02944	226	141	137	102	96	4
SAOUHSC_02945	2	0	2	1	3	0
SAOUHSC_02947	72	47	57	43	56	2
SAOUHSC_02948	18	11	12	8	7	0
SAOUHSC_02949	0	0	0	0	0	0
SAOUHSC_A02794	553	363	336	319	519	21
SAOUHSC_02950	240	155	205	127	153	17
SAOUHSC_02953	98	47	86	60	80	7
SAOUHSC_02954	157	84	92	77	78	1
SAOUHSC_02955	9	10	11	5	18	1
SAOUHSC_02956	474	395	369	192	94	16
SAOUHSC_02957	1741	1145	865	4293	4709	285
SAOUHSC_02958	27	11	20	11	11	1
SAOUHSC_02960	109	55	76	33	23	0
SAOUHSC_02961	536	291	249	254	136	221
SAOUHSC_02962	139	95	145	172	146	12
SAOUHSC_02963	464	340	314	493	309	44
SAOUHSC_02964	596	449	435	375	296	68
SAOUHSC_02965	137	82	112	32	37	7
SAOUHSC_02967	91	50	76	24	39	1
SAOUHSC_02968	0	0	0	0	1	0
SAOUHSC_02969	40	33	31	7	15	0
SAOUHSC_A02811	207	117	140	37	27	2
SAOUHSC_02970	28	25	35	7	3	0
SAOUHSC_02971	75	65	37	43	60	1
SAOUHSC_02972	420	253	281	297	283	15
SAOUHSC_02973	394	280	247	271	248	94
SAOUHSC_02974	183	133	124	152	154	32
SAOUHSC_02975	491	308	302	209	202	29
SAOUHSC_02976	579	431	345	505	502	60
SAOUHSC_02978	116	98	72	235	209	8
SAOUHSC_02979	210	132	132	134	118	10
SAOUHSC_02980	225	143	157	74	89	15
SAOUHSC_02982	279	228	241	104	81	5
SAOUHSC_02983	258	162	168	49	30	5
SAOUHSC_02984	127	82	106	34	38	3
SAOUHSC_02985	256	125	143	69	80	12
SAOUHSC_02986	345	190	223	75	43	0
SAOUHSC_02987	386	212	260	136	222	13
SAOUHSC_02988	2088	1218	1150	793	491	103
SAOUHSC_02989	210	115	181	45	40	5
SAOUHSC_02990	352	250	249	1015	1556	134
SAOUHSC_02991	205	118	160	691	1136	26
SAOUHSC_02992	346	256	243	1161	1507	165
SAOUHSC_02993	289	232	256	484	378	92
SAOUHSC_02994	155	78	113	45	18	3
SAOUHSC_02995	129	80	100	24	11	3
SAOUHSC_02996	221	132	171	33	23	1
SAOUHSC_02997	284	178	217	44	40	10
SAOUHSC_02998	367	180	261	53	39	0
SAOUHSC_02999	12	10	8	19	24	3
SAOUHSC_03000	292	314	189	112	110	22
SAOUHSC_03001	32	39	26	27	45	3
SAOUHSC_03002	162	179	136	139	188	4
SAOUHSC_03003	157	174	128	169	223	11
SAOUHSC_03004	305	157	202	157	117	9
SAOUHSC_03005	188	99	115	47	37	1
SAOUHSC_03006	107	70	56	16	5	2
SAOUHSC_03008	83	46	53	11	6	0
SAOUHSC_03009	88	59	64	17	7	3
SAOUHSC_03010	142	81	90	28	9	1
SAOUHSC_03011	311	192	188	63	36	6
SAOUHSC_03012	134	78	101	27	22	2
SAOUHSC_03013	274	188	206	43	30	3
SAOUHSC_03014	107	63	63	24	23	6
SAOUHSC_03015	39	15	17	12	16	0
SAOUHSC_03016	151	95	129	86	90	1
SAOUHSC_03017	390	246	292	162	117	2
SAOUHSC_03018	75	47	71	17	19	2
SAOUHSC_03019	140	75	103	15	22	2
SAOUHSC_03020	119	106	79	98	219	6
SAOUHSC_03021	6607	5704	6288	103	96	6
SAOUHSC_03022	416	226	243	65	45	3
SAOUHSC_03023	217	161	151	26	12	1
SAOUHSC_03024	195	116	148	106	216	9
SAOUHSC_03025	44	36	33	9	19	1
SAOUHSC_03026	102	64	65	28	21	1
SAOUHSC_03027	268	176	161	85	75	15
SAOUHSC_03028	125	75	73	37	36	2
SAOUHSC_03030	243	171	203	45	40	21
SAOUHSC_03031	645	545	515	105	91	19
SAOUHSC_03032	159	130	118	43	29	22
SAOUHSC_03033	61	45	40	23	13	2
SAOUHSC_03034	203	143	112	182	212	25
SAOUHSC_03035	239	152	168	214	328	23
SAOUHSC_03036	19	15	12	13	12	5
SAOUHSC_03037	82	71	48	182	240	32
SAOUHSC_03037a	186	131	149	102	151	17
SAOUHSC_03040	21	21	21	25	48	6
SAOUHSC_03041	21	15	28	13	16	3
SAOUHSC_03042	45	24	28	57	36	2
SAOUHSC_3042a	130	113	115	109	91	16
SAOUHSC_03045	83	44	58	22	14	5
SAOUHSC_03046	150	92	108	19	18	7
SAOUHSC_03047	94	59	56	29	10	2
SAOUHSC_03048	82	60	61	15	6	0
SAOUHSC_03049	278	176	194	62	43	3
SAOUHSC_03051	240	102	139	31	15	3
SAOUHSC_03052	28	11	29	5	3	1
SAOUHSC_03053	25	11	10	7	5	0
SAOUHSC_03054						
SAOUHSC_03055						
